0 27.012882232666016 0.3573277429677546 25.02598709485028 1.6295656549627893
1 1034.7513427734375 46.67902581393719 988.072282385081 0.0
2 9.168988227844238 2.5991273168474436 5.502364394629856 1.0674965232610703
3 36.17120361328125 0.18357549980282784 35.14984354376793 0.8377826263895258
4 55.8978385925293 0.02897671989921946 55.740593848749995 0.12827290552377235
5 64.79313659667969 0.0039973005768842995 64.77122445963323 0.017916472228534985
6 64.48303985595703 0.004432331072166562 64.4587280601263 0.019866341055603698
7 56.68693923950195 0.0246991494204849 56.55152045190334 0.11070511615253054
8 44.69719696044922 0.09795311000198126 44.1602000836283 0.43903983233030885
9 30.66390609741211 0.32150896033272147 28.88957879622467 1.452814626507461
10 17.789716720581055 1.027093082666397 12.16467690262484 4.597948566544801
11 18.172969818115234 2.572886547073722 5.861443619564744 9.73863909393549
12 15.022400856018066 2.4357334645465016 3.109888391207821 9.476779270917177
13 11.555819511413574 2.0679482398554683 0.8051502713341363 8.6827207878232
14 11.548090934753418 2.0841050893068314 0.07932899516813136 9.384655961766839
15 2.4783411026000977 2.3958010375499725 0.08254020369349746 0.0
16 3.3104469776153564 2.6824510395526886 0.6279941447428428 0.0
17 4.330582141876221 2.918411046266556 1.412169890536461 0.0
18 5.2218708992004395 3.086817353963852 2.1350535412784666 0.0
19 5.754615306854248 3.177671194076538 2.57694304571487 0.0
20 5.822678565979004 3.1888682544231415 2.633809970575385 0.0
21 5.446994781494141 3.1259450018405914 2.3210504109738395 0.0
22 4.750384330749512 3.000768154859543 1.7496154952095821 0.0
23 3.9133644104003906 2.829483777284622 1.083881911181379 0.0
24 3.1237080097198486 2.6302133202552795 0.4934938537189737 0.0
25 2.5314841270446777 2.420853763818741 0.1106316177174449 0.0
26 12.157543182373047 2.2173319160938263 0.0018167458932794034 9.938398409634829
27 11.158323287963867 1.9944177269935608 0.2246425478369929 8.939265169203281
28 10.580635070800781 1.7739161849021912 0.8557725707942154 7.950945757329464
29 10.476204872131348 1.5733153820037842 1.8510684266220778 7.051824301481247
30 10.758007049560547 1.4047974646091461 3.056706985225901 6.29650292173028
31 11.244553565979004 1.2754094898700714 4.252576122526079 5.716567534953356
32 11.725984573364258 1.1880374550819397 5.2129936998244375 5.324953593313694
33 12.029871940612793 1.1426745802164078 5.765567834023386 5.121630707755685
34 12.067000389099121 1.137502670288086 5.831047572428361 5.098449468612671
35 11.84566879272461 1.169476866722107 5.434427888831124 5.241762384772301
36 11.454344749450684 1.2343609035015106 4.687399819958955 5.532581906765699
37 11.022201538085938 1.3264102190732956 3.7506317789666355 5.945160089060664
38 10.672725677490234 1.4380256533622742 2.789263888844289 6.445436410605907
39 10.485572814941406 1.5597233027219772 1.9349445775151253 6.9909026604145765
40 10.477598190307617 1.680633321404457 1.264127384929452 7.532838637009263
41 10.606585502624512 1.789543628692627 0.7960492110578343 8.020990192890167
42 10.793581008911133 1.8763104677200317 0.5073767426074483 8.409891560673714
43 10.954314231872559 1.9333021342754364 0.3556777414632961 8.665336351841688
44 11.027956008911133 1.9564931690692902 0.3021791361970827 8.769281882792711
45 10.993914604187012 1.9459563791751862 0.32590626426099334 8.722054485231638
46 10.872647285461426 1.9056358635425568 0.4256796590198064 8.541332174092531
47 10.712227821350098 1.8425006568431854 0.61137358439737 8.258351158350706
48 10.567373275756836 1.7653047144412994 0.8897214947501197 7.912347916513681
49 10.479249954223633 1.6832667887210846 1.25134182482725 7.544642213732004
50 10.462919235229492 1.6049138605594635 1.6645549976965412 7.193453196436167
51 10.505951881408691 1.5372718125581741 2.0784077054122463 6.890271874144673
52 10.57706356048584 1.4854390174150467 2.433672857005149 6.657949881628156
53 10.640375137329102 1.4524765014648438 2.677694697631523 6.510207176208496
54 10.669257164001465 1.4395164251327515 2.7776215807534754 6.4521182626485825
55 10.654658317565918 1.4459390938282013 2.727816764381714 6.480905581265688
56 10.60572624206543 1.4695824086666107 2.5492650049272925 6.5868782959878445
57 10.543410301208496 1.5069455802440643 2.282119844458066 6.754345368593931
58 10.490644454956055 1.5534502118825912 1.9744097848888487 6.962785771116614
59 10.463191032409668 1.6038076728582382 1.670887574146036 7.188495105132461
60 10.464666366577148 1.6525068432092667 1.405391848529689 7.406771743670106
61 10.487065315246582 1.69440658390522 1.1980884516378865 7.594572367146611
62 10.515693664550781 1.7253463566303253 1.0571007602266036 7.733248848468065
63 10.536066055297852 1.7426481544971466 0.9826201724354178 7.810797978192568
64 10.5396146774292 1.7454164922237396 0.9709888571524061 7.823206063359976
65 10.526162147521973 1.7345631271600723 1.017039886501152 7.774559730663896
66 10.502640724182129 1.7125559896230698 1.114161754376255 7.675920596346259
67 10.479058265686035 1.682965338230133 1.252803046372719 7.5432910695672035
68 10.463919639587402 1.6499018520116806 1.418918036215473 7.395095800980926
69 10.460883140563965 1.6174528449773788 1.5937727192067541 7.249654715880752
70 10.468061447143555 1.589204952120781 1.7558090691454709 7.123043624684215
71 10.479667663574219 1.5679036676883698 1.8841962289297953 7.027568224817514
72 10.489131927490234 1.555261418223381 1.962966374703683 6.970903856679797
73 10.491986274719238 1.5518897622823715 1.984301668126136 6.955791613087058
74 10.487435340881348 1.5573466420173645 1.9498397293500602 6.9802501276135445
75 10.47812271118164 1.5702587366104126 1.8697377073112875 7.038123980164528
76 10.468348503112793 1.5885223597288132 1.7598396283574402 7.119984148070216
77 10.461956977844238 1.6095700711011887 1.6380609953193925 7.2143229972571135
78 10.460677146911621 1.6306689977645874 1.5211191977141425 7.308891400694847
79 10.463739395141602 1.649259626865387 1.422263034619391 7.392217256128788
80 10.46859073638916 1.6632574647665024 1.350372742745094 7.454957565292716
81 10.472350120544434 1.6713016033172607 1.310035815986339 7.491012543439865
82 10.473176956176758 1.6728903204202652 1.3021530481637456 7.498133400455117
83 10.470909118652344 1.6683889031410217 1.3245597807690501 7.477957405149937
84 10.4668550491333 1.6589183509349823 1.3724260617163964 7.4355090372264385
85 10.462953567504883 1.6461410224437714 1.4385754367685877 7.3782392255961895
86 10.460765838623047 1.6319898515939713 1.5139663728768937 7.31481165625155
87 10.460801124572754 1.6183931827545166 1.5885379852261394 7.253869444131851
88 10.46245002746582 1.6070231795310974 1.6525220853509381 7.202907465398312
89 10.464484214782715 1.5991158932447433 1.6979016287950799 7.167465878650546
90 10.465703964233398 1.5953604876995087 1.7197080719051883 7.150633614510298
91 10.465529441833496 1.5958596020936966 1.716799806454219 7.152870716527104
92 10.464174270629883 1.6001680493354797 1.6918208595598117 7.1721817925572395
93 10.46237850189209 1.607389822602272 1.6504360202816315 7.204550812020898
94 10.460989952087402 1.6163241267204285 1.6000714953406714 7.244595639407635
95 10.460522651672363 1.62564155459404 1.5485229319892824 7.286357682198286
96 10.46094799041748 1.6340629756450653 1.5027817559894174 7.324103694409132
97 10.461820602416992 1.640528827905655 1.4682067043031566 7.353084567934275
98 10.462550163269043 1.6443319022655487 1.4480880167684518 7.370130490511656
99 10.46273422241211 1.6451882719993591 1.4435805546236224 7.3739688619971275
99 10.462327003479004 1.6432448029518127 1.4538227693992667 7.365257956087589
100 10.46157455444336 1.6390266865491867 1.4761968317907304 7.346351755782962
