0 28.7471866607666 5.544473111629486 23.20272120181471 0.0
1 2.4878957271575928 2.4004460871219635 0.08744904458581004 0.0
2 13.45528793334961 0.9809108227491379 8.077794616110623 4.396582437679172
3 20.894248962402344 0.5533552467823029 17.86068015731871 2.4802172668278217
4 18.67459487915039 0.6459939554333687 15.133163589052856 2.8954371931031346
5 12.797694206237793 1.047712355852127 7.053984084632248 4.695996452122927
6 10.475508689880371 1.6771105229854584 1.2813478751922958 7.517048951238394
7 2.3524906635284424 2.3266053199768066 0.02588588403796166 0.0
8 4.300107002258301 2.9121798872947693 1.3879272562917322 0.0
9 5.9841694831848145 3.2151000797748566 2.769067943445407 0.0
10 5.621434688568115 3.1555096805095673 2.465926166041754 0.0
11 3.846228837966919 2.814353048801422 1.0318763757823035 0.0
12 2.386803150177002 2.3472691774368286 0.03953484989324352 0.0
13 10.871827125549316 1.9053452610969543 0.4264511589281028 8.540029652416706
14 10.601606369018555 1.4717513918876648 2.5332576275104657 6.596599988639355
15 11.865561485290527 1.1664847880601883 5.4707226471509784 5.2283514607697725
16 12.915078163146973 1.0349891632795334 7.241120713297278 4.638969285413623
17 12.583541870117188 1.0719900727272034 6.7067375185433775 4.8048126474022865
18 11.353957176208496 1.2533154636621475 4.483103315578774 5.617538953199983
19 10.506315231323242 1.536923423409462 2.080684552202001 6.888710344210267
20 10.723005294799805 1.8472462594509125 0.5961330323771108 8.279621627181768
21 11.507268905639648 2.082555592060089 0.09040340662977542 9.334311671555042
22 11.867852210998535 2.1607134640216827 0.022513127510137565 9.684626419097185
23 11.435627937316895 2.0656820833683014 0.11126239427539986 9.258682195097208
24 10.729351997375488 1.8500008285045624 0.5873837847320829 8.291967999190092
25 10.464273452758789 1.5998148620128632 1.6938612068770453 7.17059875652194
26 10.78662109375 1.3948276937007904 3.139975141384639 6.251816984266043
27 11.203067779541016 1.284241259098053 4.1626759129576385 5.7561527863144875
28 11.204833984375 1.2838604301214218 4.166526888730004 5.754445856437087
29 10.81950569152832 1.3839356303215027 3.232574239373207 6.202997200191021
30 10.490845680236816 1.5532147884368896 1.9758994644507766 6.961730569601059
31 10.532108306884766 1.7394838631153107 0.9960107479128055 7.796615172177553
32 10.802659034729004 1.879833161830902 0.4971494246274233 8.42568077892065
33 10.931292533874512 1.9257301986217499 0.37416253304400016 8.631397854536772
34 10.770200729370117 1.867034137248993 0.5348536252859049 8.36831372231245
35 10.52670955657959 1.7350248992443085 1.0150553251150995 7.776629459112883
36 10.470499038696289 1.583784893155098 1.7879664222709835 7.0987501461058855
37 10.614017486572266 1.4653089046478271 2.5809834676329046 6.567723840475082
38 10.73636245727539 1.412687748670578 2.9918031877605245 6.331868302077055
39 10.679295539855957 1.435235932469368 2.81112827535253 6.432932483032346
40 10.5254545211792 1.5203295648097992 2.1907909808214754 6.81433429941535
41 10.461272239685059 1.6368711590766907 1.4877075343974866 7.3366903737187386
42 10.535859107971191 1.7424854338169098 0.9833060414530337 7.810068640857935
43 10.622004508972168 1.798206627368927 0.7639795949216932 8.059818990528584
44 10.600180625915527 1.7858181595802307 0.810066890262533 8.004292108118534
45 10.50590705871582 1.7159235775470734 1.0989713377784938 7.691014606505632
46 10.460633277893066 1.620865598320961 1.5748205021372996 7.264951163902879
47 10.504770278930664 1.5384096056222916 2.0709893066668883 6.895371625199914
48 10.558709144592285 1.4966945946216583 2.3536133678862825 6.70839898660779
49 10.544095993041992 1.5064661800861359 2.2854328918037936 6.752196628600359
50 10.485291481018066 1.5600878596305847 1.9326664978871122 6.992536656558514
51 10.461031913757324 1.6348678171634674 1.4984520280268043 7.32771110907197
52 10.49197006225586 1.700582042336464 1.1691390463965945 7.622251654043794
53 10.522378921508789 1.7313216477632523 1.0310282857972197 7.760030956938863
54 10.50700855255127 1.7170300781726837 1.0940062871668488 7.695974100381136
55 10.47050666809082 1.6675480753183365 1.3287686905823648 7.474188694730401
56 10.462559700012207 1.6065162420272827 1.655409187078476 7.200635299086571
57 10.485690116882324 1.5595684051513672 1.935913177439943 6.990208387374878
58 10.499320030212402 1.543869823217392 2.0356062322389334 6.919845100492239
59 10.48325252532959 1.562802478671074 1.9157474365783855 7.004703966900706
60 10.462671279907227 1.606014832854271 1.658269063627813 7.19838791154325
61 10.46511173248291 1.6539216786623 1.3980793711380102 7.413113238289952
62 10.480905532836914 1.685790315270424 1.2391612801002339 7.555953020229936
63 10.483073234558105 1.6889527291059494 1.223994390165899 7.570127410814166
64 10.46909236907959 1.6644392758607864 1.3444016961148009 7.4602546114474535
65 10.46052074432373 1.6255681216716766 1.5489256591536105 7.286028545349836
66 10.467470169067383 1.5906326174736023 1.747396180871874 7.129442624747753
67 10.47560977935791 1.5743096470832825 1.8450176564510912 7.056280739605427
68 10.471415519714355 1.5819323807954788 1.7990373098291457 7.09044692106545
69 10.4622220993042 1.6081541925668716 1.6460902654216625 7.2079768273979425
70 10.461715698242188 1.639886811375618 1.4716184814460576 7.350206958130002
71 10.46819019317627 1.6623119115829468 1.3551616002223454 7.450719460844994
72 10.469715118408203 1.6658378392457962 1.3373562309425324 7.4665231723338366
73 10.464065551757812 1.6504456102848053 1.4160872341017239 7.397533003240824
74 10.460522651672363 1.6250330209732056 1.5518588895793073 7.283630147576332
75 10.463567733764648 1.602336511015892 1.6793310779030435 7.1819011475890875
76 10.466704368591309 1.5925906896591187 1.7358974984381348 7.138218984007835
77 10.464479446411133 1.5991314351558685 1.697811015183106 7.167535539716482
78 10.46087646484375 1.617498740553856 1.5935175216873176 7.249860426411033
79 10.461424827575684 1.638009786605835 1.4816203954978846 7.341793864965439
80 10.464116096496582 1.6506043672561646 1.415263389935717 7.398244574666023
81 10.463888168334961 1.6498084962368011 1.4194027471239679 7.394677367061377
82 10.46131706237793 1.6372016072273254 1.4859388224431314 7.338171489536762
83 10.460681915283203 1.620059922337532 1.5792844039970078 7.261340009048581
84 10.462409973144531 1.6072195917367935 1.6514045174699277 7.203787812963128
85 10.46299934387207 1.6045943647623062 1.6663832968333736 7.192021170631051
86 10.46146297454834 1.6125587075948715 1.621185083349701 7.227718492969871
87 10.460522651672363 1.6262296438217163 1.5453025529859588 7.2889935821294785
88 10.461457252502441 1.6382353007793427 1.4804166316753253 7.342804651707411
89 10.462196350097656 1.64259871840477 1.457236601272598 7.362362112849951
90 10.461384773254395 1.6377518326044083 1.4829984004609287 7.340637678280473
91 10.460537910461426 1.6270334422588348 1.5409064572304487 7.292596321552992
92 10.460970878601074 1.616520956158638 1.598971803614404 7.245477857068181
93 10.46160888671875 1.611617535352707 1.626489267218858 7.223500024527311
94 10.46121597290039 1.6143604218959808 1.6110619402024895 7.2357940338552
95 10.460569381713867 1.622633308172226 1.5650572450249456 7.272874291986227
96 10.46074104309082 1.6315944194793701 1.5161069910391234 7.313039273023605
97 10.46120834350586 1.6364231556653976 1.4901068431208842 7.334682358428836
98 10.461034774780273 1.6349034905433655 1.4982596025220118 7.32787100225687
99 10.460572242736816 1.6284307539463043 1.5332839210168459 7.298859272152185
100 10.460631370544434 1.6209457069635391 1.5743775022565387 7.265310222283006
101 10.46096134185791 1.6165897995233536 1.5985870553413406 7.245786422863603
102 10.460886001586914 1.6174332350492477 1.5938826472847722 7.24956682138145
103 10.46056842803955 1.6225566416978836 1.5654809304396622 7.272530661895871
104 10.460589408874512 1.6287575513124466 1.5315046272007748 7.300324024632573
105 10.46080493927002 1.6325130611658096 1.5111407075892203 7.317156756296754
106 10.460763931274414 1.6319448947906494 1.5142097556963563 7.314610153436661
107 10.460553169250488 1.6277640163898468 1.5369178145192564 7.2958708591759205
108 10.460562705993652 1.6226623058319092 1.5648982088896446 7.27300426363945
109 10.460709571838379 1.6195950210094452 1.581861960585229 7.25925625488162
110 10.460677146911621 1.6201070696115494 1.5790216039749794 7.261551329866052
111 10.460541725158691 1.6235823035240173 1.5598300108104013 7.2771278247237206
112 10.460551261901855 1.6277628690004349 1.5369248006027192 7.2958657164126635
113 10.46065616607666 1.6301875114440918 1.523732301138807 7.306733310222626
114 10.46062183380127 1.629606619477272 1.5268868260318413 7.304129669442773
115 10.460532188415527 1.6266323775053024 1.5431001901743002 7.290798692032695
116 10.460546493530273 1.6232192069292068 1.5618283388903365 7.275500373914838
117 10.460610389709473 1.6214057058095932 1.571833540510852 7.267372002825141
118 10.46058464050293 1.6221100986003876 1.5679445522255264 7.270529191941023
119 10.460522651672363 1.6246833801269531 1.5537771859089844 7.282063007354736
120 10.460545539855957 1.6274351328611374 1.5387134434422478 7.294396756216884
121 10.460587501525879 1.6287020593881607 1.5318067753105424 7.300075301900506
122 10.460556030273438 1.6278662383556366 1.536361393518746 7.296329032629728
123 10.460519790649414 1.625618189573288 1.5486514553776942 7.286252956837416
124 10.460545539855957 1.6234484761953354 1.5605666316696443 7.276527991518378
125 10.460566520690918 1.6226679384708405 1.5648668742505834 7.273029509931803
126 10.46053695678711 1.623625487089157 1.5595915593439713 7.277321379631758
127 10.460519790649414 1.6255669742822647 1.5489303850336 7.286023402586579
128 10.460539817810059 1.6272215098142624 1.5398800166440196 7.293439267203212
129 10.46054744720459 1.6275864839553833 1.5378865171805955 7.295075133442879
130 10.460531234741211 1.6265555024147034 1.5435201770742424 7.290454126894474
131 10.460521697998047 1.6248954385519028 1.552614722168073 7.283013483509421
132 10.460538864135742 1.6237045526504517 1.5591584221692756 7.27767576277256
133 10.460539817810059 1.6236834824085236 1.5592741034924984 7.277581322938204
134 10.46052074432373 1.6247441917657852 1.55344401136972 7.282335573807359
135 10.46052360534668 1.6261107325553894 1.545953183376696 7.2884606048464775
136 10.460536003112793 1.6268863677978516 1.5417108841938898 7.2919371128082275
137 10.460535049438477 1.6266403049230576 1.543056629889179 7.2908342238515615
138 10.46052074432373 1.6256187111139297 1.5486475513898768 7.286255294457078
139 10.460525512695312 1.624548614025116 1.5545186353847384 7.281458966434002
140 10.460531234741211 1.624125748872757 1.5568407889804803 7.279563624411821
141 10.460529327392578 1.624569058418274 1.554405419738032 7.2815506011247635
142 10.460517883300781 1.6254982352256775 1.5493075308040716 7.28571530431509
143 10.460524559020996 1.6262705326080322 1.5450776627403684 7.289176851511002
144 10.460525512695312 1.626389965415001 1.5444240529905073 7.289712166413665
145 10.460521697998047 1.6258371323347092 1.547451903752517 7.287234289571643
146 10.460516929626465 1.625041052699089 1.551814507402014 7.283666146919131
147 10.460525512695312 1.6245532035827637 1.554493670410011 7.28147953748703
148 10.460524559020996 1.6246720105409622 1.5538403688697144 7.2820120472460985
149 10.46052074432373 1.6252559274435043 1.5506371468654834 7.284629246219993
150 10.460522651672363 1.625871866941452 1.5472619439242408 7.287389975041151
151 10.460524559020996 1.6261124014854431 1.5459438343532383 7.288468085229397
152 10.460521697998047 1.625842034816742 1.5474246785743162 7.287256263196468
153 10.460524559020996 1.6252934783697128 1.5504305437207222 7.284797554835677
154 10.46052074432373 1.6248723864555359 1.552740266197361 7.282910160720348
155 10.460519790649414 1.624842345714569 1.5529056719969958 7.282775513827801
156 10.46052074432373 1.6251928210258484 1.5509824443142861 7.284346394240856
157 10.460524559020996 1.6256478130817413 1.5484894398832694 7.2863857336342335
158 10.460524559020996 1.6258863657712936 1.5471817067009397 7.287454960867763
159 10.460516929626465 1.6257572323083878 1.5478888421785086 7.286876166239381
160 10.460518836975098 1.6253839135169983 1.5499340181122534 7.285202898085117
161 10.460518836975098 1.625049501657486 1.5517684814403765 7.28370401635766
162 10.46052074432373 1.624987542629242 1.55210771743441 7.283426307141781
163 10.460522651672363 1.6252167075872421 1.5508507360937074 7.284453457221389
164 10.460521697998047 1.6255527883768082 1.549009800364729 7.285959819331765
165 10.460522651672363 1.625743880867958 1.5479620933183469 7.286816323176026
166 10.46052074432373 1.6256659626960754 1.5483881416730583 7.286467082798481
167 10.460522651672363 1.625397577881813 1.5498600478167646 7.285264143720269
168 10.460521697998047 1.6251473426818848 1.5512311694328673 7.284142553806305
169 10.460521697998047 1.6251035332679749 1.551471367420163 7.283946193754673
170 10.46052074432373 1.6252650022506714 1.5505856758682057 7.284669920802116
171 10.460522651672363 1.6255047023296356 1.5492723949137144 7.2857442907989025
172 10.460519790649414 1.6256437450647354 1.5485096789780073 7.286367500200868
173 10.46052074432373 1.6255897134542465 1.5488056628964841 7.286125322803855
174 10.460519790649414 1.6253926753997803 1.5498865538393147 7.285242170095444
175 10.460519790649414 1.6252093017101288 1.5508928580675274 7.284420263022184
176 10.460521697998047 1.6251797825098038 1.5510549762984738 7.284287953749299
177 10.460522651672363 1.6253056824207306 1.5503635595086962 7.284852255135775
178 10.460517883300781 1.625479981303215 1.5494071852299385 7.28563348762691
179 10.46052074432373 1.6255727112293243 1.5488999750232324 7.2860491164028645
180 10.460521697998047 1.6255266070365906 1.5491516795009375 7.2858424708247185
181 10.46052074432373 1.6253832876682281 1.549938743992243 7.285200092941523
182 10.46052074432373 1.6252562403678894 1.5506347839254886 7.28463064879179
183 10.460519790649414 1.6252402812242508 1.550722109968774 7.284559117630124
184 10.46052074432373 1.6253301948308945 1.5502294883481227 7.284962123259902
185 10.460521697998047 1.6254567205905914 1.5495358113548718 7.285529229789972
186 10.460519790649414 1.6255198270082474 1.5491897947504185 7.285812081769109
187 10.46052074432373 1.6254754960536957 1.549432150204666 7.285613384097815
188 10.460519790649414 1.6253713965415955 1.5500026461086236 7.2851467952132225
189 10.460522651672363 1.6252872198820114 1.5504656796110794 7.28476950339973
190 10.460521697998047 1.6252962946891785 1.5504149277694523 7.2848101779818535
191 10.460524559020996 1.6253707706928253 1.5500072692520916 7.285143990069628
192 10.460524559020996 1.625447541475296 1.5495864604599774 7.285488087683916
193 10.460525512695312 1.6254703849554062 1.549461019167211 7.285590475425124
194 10.460521697998047 1.6254277229309082 1.5496940255980007 7.285399258136749
195 10.46052074432373 1.625366285443306 1.5500322342268191 7.285123886540532
196 10.460519790649414 1.6253378093242645 1.5501865444821306 7.284996252506971
197 10.460522651672363 1.625356063246727 1.5500876092119142 7.285078069195151
198 10.46052360534668 1.6254043579101562 1.5498233708785847 7.285294532775879
199 10.46052360534668 1.625437319278717 1.5496418354450725 7.285442270338535
200 10.460518836975098 1.6254393011331558 1.5496308426372707 7.285451153293252
201 10.460518836975098 1.6254129111766815 1.5497758038691245 7.28533286973834
202 10.46052360534668 1.625375360250473 1.5499824070138857 7.285164561122656
203 10.46052074432373 1.6253500133752823 1.5501202794257551 7.285050952807069
204 10.46052360534668 1.6253611743450165 1.550060281297192 7.285100977867842
205 10.460519790649414 1.6254012286663055 1.5498397059855051 7.285280507057905
206 10.460524559020996 1.625427097082138 1.5496979295858182 7.2853964529931545
207 10.460521697998047 1.6254265755414963 1.5497010116814636 7.285394115373492
208 10.460519790649414 1.6254020631313324 1.549834260949865 7.285284247249365
209 10.460516929626465 1.6253697276115417 1.5500128170242533 7.285139314830303
210 10.460519790649414 1.6253503262996674 1.5501180192222819 7.285052355378866
211 10.46052074432373 1.625367432832718 1.5500252481433563 7.285129029303789
212 10.460518836975098 1.6253929883241653 1.54988419089932 7.285243572667241
213 10.460522651672363 1.6254100948572159 1.5497914198203944 7.285320246592164
214 10.460518836975098 1.6254134327173233 1.5497735436656512 7.285335207358003
215 10.460526466369629 1.6254020631313324 1.5498358019976877 7.285284247249365
216 10.460522651672363 1.6253810971975327 1.549951175111346 7.285190274938941
217 10.46052360534668 1.6253682672977448 1.5500205222633667 7.285132769495249
218 10.46052074432373 1.625367432832718 1.5500259672990069 7.285129029303789
219 10.46052074432373 1.6253770291805267 1.549972236098256 7.285172041505575
220 10.46052074432373 1.6253929883241653 1.5498849100549705 7.285243572667241
221 10.460518836975098 1.6254009157419205 1.5498413497698493 7.285279104486108
222 10.460522651672363 1.625397577881813 1.5498607669724151 7.285264143720269
223 10.46052074432373 1.625385269522667 1.5499270320287906 7.285208975896239
224 10.46052360534668 1.6253694146871567 1.550014358072076 7.285137912258506
225 10.46052360534668 1.6253656595945358 1.550034597166814 7.285121081396937
226 10.46052360534668 1.6253921538591385 1.54988963593496 7.285239832475781
227 10.460521697998047 1.6254094690084457 1.5497945019160397 7.285317441448569
228 10.46052360534668 1.6254129111766815 1.5497766257612966 7.28533286973834
229 10.460518836975098 1.6254009157419205 1.5498413497698493 7.285279104486108
230 10.460516929626465 1.6253793239593506 1.549959804979153 7.285182327032089
231 10.46052360534668 1.6253668069839478 1.550027611083351 7.285126224160194
232 10.460522651672363 1.6253862082958221 1.549923128040973 7.285213183611631
233 10.460519790649414 1.6253980994224548 1.5498576848767698 7.2852664813399315
234 10.460516929626465 1.6253997683525085 1.5498483358533122 7.285273961722851
235 10.460522651672363 1.6253901720046997 1.5499005260062404 7.285230949521065
236 10.46052360534668 1.625375360250473 1.5499807632295415 7.285164561122656
237 10.460524559020996 1.6253719180822372 1.550001105060801 7.285149132832885
238 10.460522651672363 1.6253788024187088 1.5499628870747983 7.285179989412427
239 10.460524559020996 1.6253924667835236 1.549888814042788 7.285241235047579
240 10.460519790649414 1.6253977864980698 1.5498584040324204 7.285265078768134
241 10.460524559020996 1.6253936141729355 1.5498818279593252 7.285246377810836
242 10.460516929626465 1.6253827661275864 1.5499402850400656 7.28519775532186
243 10.46052074432373 1.625376507639885 1.5499753181939013 7.285169703885913
244 10.460516929626465 1.6253781765699387 1.5499652500147931 7.285177184268832
245 10.460524559020996 1.6253875643014908 1.5499146009096876 7.285219261422753
246 10.460522651672363 1.6253904849290848 1.5498989849584177 7.285232352092862
247 10.460518836975098 1.625386729836464 1.5499192240531556 7.285215521231294
248 10.46052360534668 1.625377967953682 1.5499675102182664 7.285176249220967
249 10.460522651672363 1.6253776550292969 1.5499691540026106 7.28517484664917
250 10.460522651672363 1.6253850609064102 1.5499293949687853 7.285208040848374
251 10.460522651672363 1.625394657254219 1.549876382923685 7.28525105305016
252 10.460522651672363 1.6253941357135773 1.5498787458636798 7.285248715430498
253 10.460518836975098 1.625386729836464 1.5499192240531556 7.285215521231294
254 10.460516929626465 1.6253745257854462 1.5499863110017031 7.285160820931196
255 10.46052074432373 1.6253736913204193 1.5499917560373433 7.285157080739737
256 10.460516929626465 1.6253827661275864 1.5499402850400656 7.28519775532186
257 10.460522651672363 1.625394657254219 1.549875561031513 7.28525105305016
258 10.460516929626465 1.625396117568016 1.549867753055878 7.285257598385215
259 10.46052074432373 1.6253878772258759 1.5499122379696928 7.285220663994551
260 10.460519790649414 1.6253748387098312 1.5499839480617084 7.285162223502994
261 10.460516929626465 1.6253733783960342 1.5499924751929939 7.285155678167939
262 10.460522651672363 1.6253821402788162 1.549943367135711 7.285194950178266
263 10.460518836975098 1.6253936141729355 1.549881006067153 7.285246377810836
264 10.460524559020996 1.625396952033043 1.549863951804582 7.2852613385766745
265 10.460527420043945 1.6253901720046997 1.5499013478984125 7.285230949521065
266 10.460522651672363 1.6253773421049118 1.5499706950504333 7.2851734440773726
267 10.460522651672363 1.625373899936676 1.5499893930973485 7.2851580157876015
268 10.460522651672363 1.6253810971975327 1.5499496340635233 7.285190274938941
269 10.460516929626465 1.625394657254219 1.5498748418758623 7.28525105305016
270 10.460522651672363 1.625397577881813 1.5498592259245925 7.285264143720269
271 10.460522651672363 1.6253904849290848 1.5498989849584177 7.285232352092862
272 10.46052074432373 1.6253770291805267 1.5499714142060839 7.285172041505575
273 10.460516929626465 1.6253733783960342 1.5499924751929939 7.285155678167939
274 10.46052074432373 1.6253804713487625 1.5499535380513407 7.285187469795346
275 10.460522651672363 1.625394657254219 1.549875561031513 7.28525105305016
276 10.460519790649414 1.6253980994224548 1.5498576848767698 7.2852664813399315
277 10.460522651672363 1.6253910064697266 1.5498959028627723 7.285234689712524
278 10.460522651672363 1.6253776550292969 1.5499691540026106 7.28517484664917
279 10.46052074432373 1.6253736913204193 1.5499909341451712 7.285157080739737
280 10.46052074432373 1.6253807842731476 1.549951997003518 7.285188872367144
281 10.460522651672363 1.625394657254219 1.549876382923685 7.28525105305016
282 10.460519790649414 1.625397264957428 1.5498615888645872 7.285262741148472
283 10.460522651672363 1.6253895461559296 1.5499028889462352 7.28522814437747
284 10.46052074432373 1.625376507639885 1.5499745990382507 7.285169703885913
285 10.46052074432373 1.6253730654716492 1.549993297085166 7.285154275596142
286 10.460522651672363 1.6253810971975327 1.5499504559556954 7.285190274938941
287 10.460522651672363 1.6253955960273743 1.5498709378880449 7.2852552607655525
288 10.460522651672363 1.625398725271225 1.5498537808889523 7.285269286483526
289 10.46052360534668 1.6253913193941116 1.5498950809706002 7.285236092284322
290 10.46052074432373 1.6253770291805267 1.549972236098256 7.285172041505575
291 10.46052074432373 1.6253728568553925 1.5499956600251608 7.285153340548277
292 10.46052074432373 1.6253799498081207 1.5499559009913355 7.285185132175684
293 10.460522651672363 1.625394657254219 1.549876382923685 7.28525105305016
294 10.460519790649414 1.6253977864980698 1.5498584040324204 7.285265078768134
295 10.460522651672363 1.6253904849290848 1.5498989849584177 7.285232352092862
296 10.460524559020996 1.62537682056427 1.5499737771460786 7.28517110645771
297 10.46052074432373 1.6253730654716492 1.5499948381329887 7.285154275596142
298 10.46052074432373 1.6253807842731476 1.549951997003518 7.285188872367144
299 10.460522651672363 1.6253952831029892 1.5498724789358675 7.285253858193755
300 10.460519790649414 1.6253980994224548 1.549856143828947 7.2852664813399315
301 10.460522651672363 1.6253904849290848 1.5498989849584177 7.285232352092862
302 10.46052074432373 1.625376507639885 1.5499761400860734 7.285169703885913
303 10.460522651672363 1.6253725439310074 1.549997920228634 7.2851519379764795
304 10.46052074432373 1.6253799498081207 1.5499559009913355 7.285185132175684
305 10.460522651672363 1.6253952831029892 1.5498724789358675 7.285253858193755
306 10.460522651672363 1.625398725271225 1.5498537808889523 7.285269286483526
307 10.46052360534668 1.6253913193941116 1.5498950809706002 7.285236092284322
308 10.460524559020996 1.62537682056427 1.5499737771460786 7.28517110645771
309 10.46052074432373 1.6253725439310074 1.5499963791808113 7.2851519379764795
310 10.460524559020996 1.6253804713487625 1.5499543599435128 7.285187469795346
311 10.460522651672363 1.6253955960273743 1.5498709378880449 7.2852552607655525
312 10.460522651672363 1.6253989338874817 1.5498522398411296 7.285270221531391
313 10.460522651672363 1.6253906935453415 1.549897443910595 7.285233287140727
314 10.46052074432373 1.6253759860992432 1.5499776811338961 7.285167366266251
315 10.460522651672363 1.625374212861061 1.5499885712051764 7.285159418359399
316 10.460524559020996 1.6253839135169983 1.549935559160076 7.285202898085117
317 10.460522651672363 1.625395804643631 1.54986857494805 7.285256195813417
318 10.460518836975098 1.6253964304924011 1.5498662120080553 7.285259000957012
319 10.460522651672363 1.6253862082958221 1.549922306148801 7.285213183611631
320 10.460524559020996 1.6253707706928253 1.550006550096441 7.285143990069628
321 10.460516929626465 1.6253697276115417 1.5500128170242533 7.285139314830303
322 10.460516929626465 1.6253816187381744 1.5499472711235285 7.285192612558603
323 10.460522651672363 1.6254003942012787 1.5498451510211453 7.2852767668664455
324 10.460522651672363 1.6254038363695145 1.54982645297423 7.285292195156217
325 10.460518836975098 1.6253929883241653 1.54988419089932 7.285243572667241
326 10.46052074432373 1.625375673174858 1.549980044073891 7.285165963694453
327 10.46052074432373 1.6253713965415955 1.5500033652642742 7.2851467952132225
328 10.460524559020996 1.6253804713487625 1.5499543599435128 7.285187469795346
329 10.460524559020996 1.625396952033043 1.5498623080202378 7.2852613385766745
330 10.460519790649414 1.6254012286663055 1.5498397059855051 7.285280507057905
331 10.460516929626465 1.6253913193941116 1.5498942590784281 7.285236092284322
332 10.460522651672363 1.625374212861061 1.5499870301573537 7.285159418359399
333 10.460524559020996 1.6253707706928253 1.550006550096441 7.285143990069628
334 10.46052074432373 1.6253807842731476 1.549951997003518 7.285188872367144
335 10.460519790649414 1.6253977864980698 1.5498584040324204 7.285265078768134
336 10.460519790649414 1.6254020631313324 1.549835082842037 7.285284247249365
337 10.460518836975098 1.6253918409347534 1.5498903550906107 7.285238429903984
338 10.460519790649414 1.6253748387098312 1.5499839480617084 7.285162223502994
339 10.46052074432373 1.6253713965415955 1.5500033652642742 7.2851467952132225
340 10.460522651672363 1.6253816187381744 1.5499480930157006 7.285192612558603
341 10.460522651672363 1.625398725271225 1.5498537808889523 7.285269286483526
342 10.460522651672363 1.6254026889801025 1.5498311788542196 7.28528705239296
343 10.46052360534668 1.6253924667835236 1.5498880948871374 7.285241235047579
344 10.460519790649414 1.6253748387098312 1.5499839480617084 7.285162223502994
345 10.46052074432373 1.6253710836172104 1.5500050090486184 7.285145392641425
346 10.460522651672363 1.6253810971975327 1.549951175111346 7.285190274938941
347 10.460519790649414 1.6253980994224548 1.5498568629845977 7.2852664813399315
348 10.460519790649414 1.6254020631313324 1.549834260949865 7.285284247249365
349 10.460519790649414 1.6253918409347534 1.5498919988749549 7.285238429903984
350 10.460522651672363 1.625374212861061 1.5499885712051764 7.285159418359399
351 10.46052360534668 1.6253702491521835 1.5500089130364358 7.2851416524499655
352 10.46052074432373 1.6253804713487625 1.5499535380513407 7.285187469795346
353 10.460522651672363 1.625398725271225 1.5498546027811244 7.285269286483526
354 10.460516929626465 1.6254032105207443 1.5498280967585742 7.285289390012622
355 10.460522651672363 1.6253933012485504 1.5498833690071478 7.2852449752390385
356 10.46052074432373 1.625375673174858 1.549980044073891 7.285165963694453
357 10.460524559020996 1.6253719180822372 1.5500002831686288 7.285149132832885
358 10.460516929626465 1.6253816187381744 1.5499472711235285 7.285192612558603
359 10.460522651672363 1.625398725271225 1.5498537808889523 7.285269286483526
360 10.460522651672363 1.6254023760557175 1.5498335417942144 7.285285649821162
361 10.460516929626465 1.6253913193941116 1.5498942590784281 7.285236092284322
362 10.46052074432373 1.6253730654716492 1.5499948381329887 7.285154275596142
363 10.46052360534668 1.6253691017627716 1.5500166182755493 7.2851365096867085
364 10.460516929626465 1.6253793239593506 1.549959804979153 7.285182327032089
365 10.460519790649414 1.6253980994224548 1.5498576848767698 7.2852664813399315
366 10.460522651672363 1.6254028975963593 1.5498303569620475 7.2852879874408245
367 10.46052074432373 1.6253929883241653 1.5498857319471426 7.285243572667241
368 10.46052074432373 1.625375047326088 1.5499831261695363 7.2851631585508585
369 10.46052074432373 1.6253713965415955 1.5500033652642742 7.2851467952132225
370 10.460522651672363 1.6253821402788162 1.5499449081835337 7.285194950178266
371 10.460522651672363 1.625395804643631 1.5498701159958728 7.285256195813417
372 10.460518836975098 1.6253964304924011 1.5498662120080553 7.285259000957012
373 10.460522651672363 1.625385582447052 1.5499262101366185 7.285210378468037
374 10.460522651672363 1.6253687888383865 1.5500174401677214 7.285135107114911
375 10.46052074432373 1.6253679543733597 1.5500213441555388 7.285131366923451
376 10.460522651672363 1.6253819316625595 1.5499457300757058 7.285194015130401
377 10.460522651672363 1.625398725271225 1.5498546027811244 7.285269286483526
378 10.460522651672363 1.6254015415906906 1.5498381649376824 7.285281909629703
379 10.460522651672363 1.6253895461559296 1.5499044299940579 7.28522814437747
380 10.46052074432373 1.6253713965415955 1.5500041871564463 7.2851467952132225
381 10.46052360534668 1.6253691017627716 1.5500166182755493 7.2851365096867085
382 10.460522651672363 1.6253813058137894 1.5499488121713512 7.285191209986806
383 10.460519790649414 1.6254012286663055 1.5498397059855051 7.285280507057905
384 10.46052360534668 1.6254043579101562 1.5498233708785847 7.285294532775879
385 10.460519790649414 1.6253918409347534 1.5498919988749549 7.285238429903984
386 10.460524559020996 1.6253719180822372 1.550001105060801 7.285149132832885
387 10.46052074432373 1.625367432832718 1.5500252481433563 7.285129029303789
388 10.460516929626465 1.6253781765699387 1.5499659691704437 7.285177184268832
389 10.460519790649414 1.6253977864980698 1.5498584040324204 7.285265078768134
390 10.460516929626465 1.6254032105207443 1.5498280967585742 7.285289390012622
391 10.460518836975098 1.6253929883241653 1.54988419089932 7.285243572667241
392 10.460519790649414 1.6253748387098312 1.5499839480617084 7.285162223502994
393 10.46052074432373 1.6253713965415955 1.5500033652642742 7.2851467952132225
394 10.460524559020996 1.6253827661275864 1.5499418260878883 7.28519775532186
395 10.460524559020996 1.625396952033043 1.5498623080202378 7.2852613385766745
396 10.460519790649414 1.6253980994224548 1.5498576848767698 7.2852664813399315
397 10.460522651672363 1.6253862082958221 1.5499215869931504 7.285213183611631
398 10.460522651672363 1.6253687888383865 1.5500174401677214 7.285135107114911
399 10.46052074432373 1.6253679543733597 1.5500228852033615 7.285131366923451
