0 34.82074737548828 7.640820971690118 25.8751137797829 1.3048129715025425
1 60.16691970825195 1.3026154318090448 54.38164692193057 4.482661829258269
2 24.897262573242188 1.4497434655204415 18.138936229429035 5.308581880596819
3 10.303109169006348 2.255389508791268 1.7769441449024634 6.27077548019588
4 14.37704849243164 2.7633301373571157 5.672445105788487 5.941273091360927
5 14.71743392944336 2.5667541306465864 6.272805601063295 5.877874441444874
6 12.237811088562012 1.9698728816583753 3.364106548782375 6.90383121278137
7 10.318790435791016 1.3435237011872232 3.1732477446113663 5.802018306683749
8 11.708327293395996 0.9073340732138604 6.482760089827116 4.318232295103371
9 13.570375442504883 0.7139499138575047 9.410552864104641 3.445872791693546
10 13.236930847167969 0.7290707735810429 9.010930109841865 3.4969309482257813
11 11.172513961791992 0.9170028825756162 5.919492369379441 4.3360199350863695
12 9.573226928710938 1.2425763625651598 2.53782099929589 5.792829305399209
13 9.541524887084961 1.6278849057853222 0.6040385046675509 7.309601501561701
14 5.946190357208252 1.9458549618721008 0.15203167165205525 3.8483036467805505
15 6.455534934997559 2.1423932313919067 0.28954074788284445 4.023600721731782
16 6.489376068115234 2.149108039215207 0.35468549453667986 3.985581796616316
17 5.786208629608154 1.9665446765720844 0.24986905548218816 3.569795043207705
18 8.919280052185059 1.6641348050907254 0.42585311403276593 6.829291859641671
19 8.806739807128906 1.3038382311351597 1.4802301251838799 6.022670950507745
20 9.15315055847168 1.006964979111217 3.4762132900068536 4.669971208320931
21 10.098875045776367 0.8458964834571816 5.331356937065721 3.921621547982795
22 10.329668998718262 0.8215636456443463 5.706797783845104 3.8013080784949125
23 9.563043594360352 0.9112015761784278 4.43535130075179 4.216489952697884
24 8.762934684753418 1.0944098385516554 2.6027355467813322 5.06578894762788
25 8.761515617370605 1.323365627322346 1.319510841018655 6.118638910120353
26 4.03873348236084 1.509402553550899 0.8159403196840083 1.713389900745824
27 4.3147125244140625 1.6353042256087065 0.698419788450378 1.9809886259026825
28 4.344626426696777 1.6512079113163054 0.7123618486518952 1.981056618038565
29 4.047445297241211 1.557327028363943 0.7707728264288858 1.7193455090746284
30 3.847557544708252 1.4005169293377548 1.0027133814606377 1.4443273970391601
31 8.48975944519043 1.2434735384304076 1.4809699474201352 5.7653160012559965
32 8.408223152160645 1.0865160579560325 2.2849204967569676 5.036786318640225
33 8.587124824523926 0.9796587490709499 3.0695396342489403 4.537926948687527
34 8.623184204101562 0.9408903168514371 3.320439947565319 4.361853976675775
35 8.358614921569824 0.9703181922668591 2.8776099685928784 4.510686431429349
36 8.041863441467285 1.0566670699045062 2.0599422040831996 4.92525468301028
37 7.946974754333496 1.1695864163339138 1.3185949249527766 5.4587930287234485
38 8.034672737121582 1.2625087085179985 0.8762320801688475 5.895930388243869
39 8.068416595458984 1.2949121203273535 0.7204745292710868 6.053029719274491
40 7.940107345581055 1.2554744421504438 0.8046066136157606 5.880026740487665
41 7.7698187828063965 1.1659603805746883 1.1272040063195163 5.4766543137375265
42 7.709347248077393 1.0652661039493978 1.6233202994044404 5.0207609420176595
43 7.745833873748779 0.9883476509712636 2.084076776460279 4.673410003306344
44 7.730079650878906 0.9544872399419546 2.2506078627775423 4.524984766263515
45 7.596057891845703 0.9664214329095557 2.039564686245285 4.590071082580835
46 7.435482501983643 1.0117355576949194 1.6119627076986944 4.811784876626916
47 7.362585067749023 1.0670027490705252 1.21536111599562 5.08022191002965
48 7.371334552764893 1.1054281354881823 0.99743906365984 5.2684678211808205
49 7.369524955749512 1.1089648731285706 0.9706525244964723 5.289907522732392
50 7.317201614379883 1.0779016898013651 1.094825316540664 5.144474241998978
51 7.26115608215332 1.0289769612718374 1.3198036014509853 4.912375380867161
52 7.235715866088867 0.9833864694228396 1.553023072439828 4.699306326816441
53 7.207491397857666 0.9562682280666195 1.6672717593319248 4.5839515728875995
54 7.142148494720459 0.9543765357520897 1.5866589220386231 4.601113429889665
55 7.067741394042969 0.9765705427853391 1.3492734201499843 4.741898077249061
56 7.038202285766602 1.0116442582802847 1.0808843284394243 4.945672998961527
57 7.048088073730469 1.0396546105621383 0.8975545732173487 5.110878597362898
58 7.040327072143555 1.0422199442982674 0.8522526588203618 5.145853424211964
59 6.990433692932129 1.0158816175535321 0.942937739098852 5.031614976818673
60 6.933505058288574 0.9751477387617342 1.1217661240807502 4.836591510102153
61 6.90117883682251 0.941705854900647 1.2917085623557796 4.667764725949382
62 6.877782344818115 0.9303053075564094 1.3431219162521302 4.6043547142035095
63 6.84062385559082 0.9426199342706241 1.2338924691393913 4.664111591409892
64 6.804659366607666 0.9697577247279696 1.026632164242983 4.808269685396226
65 6.790093898773193 0.9969875508104451 0.8312315786884028 4.961874266271479
66 6.778296947479248 1.0091317011683714 0.725368442605486 5.043797126010759
67 6.743766784667969 0.9984896935056895 0.7347328629639378 5.010544066230068
68 6.701930046081543 0.9703645710542332 0.8451011957340597 4.88646412504022
69 6.68129825592041 0.9392841942608356 0.9957094698111177 4.746304718835745
70 6.674421787261963 0.9192099043575581 1.0905008539302798 4.664711783043458
71 6.658172607421875 0.9165775440633297 1.0655953883106122 4.675999198050704
72 6.634727478027344 0.9284564717090689 0.945390077713455 4.760880715039093
73 6.615543842315674 0.9444400641077664 0.8127608489685372 4.85834216355579
74 6.5967631340026855 0.9536107229068875 0.7363486686122087 4.906803677382413
75 6.577973365783691 0.9529352740792092 0.7335972093858345 4.8914408043638105
76 6.5680742263793945 0.9473925010825042 0.7729337231304498 4.847748007749033
77 6.560136795043945 0.9424565382760193 0.7973238724587759 4.820355886375182
78 6.54205322265625 0.9399772062606644 0.772894292917897 4.829181461798726
79 6.524070739746094 0.9390213320875773 0.722200649916573 4.862849881639704
80 6.516330242156982 0.9359802522085374 0.6958083376937623 4.884541926978272
81 6.508950710296631 0.9273876740771811 0.7207444876093518 4.860818859029678
82 6.498171806335449 0.9159665897896048 0.7799708590362684 4.802233811846236
83 6.490451335906982 0.9094084683820256 0.8225515996241626 4.758490722962961
84 6.4820237159729 0.9122405958423769 0.800544397711688 4.769238326603045
85 6.4715776443481445 0.9223166013662194 0.7178675186678642 4.8313938158680685
86 6.46682071685791 0.932992749119876 0.6304882168194343 4.903340252785711
87 6.463634014129639 0.9369718560301408 0.592328075215167 4.934334562323784
88 6.45570182800293 0.9318459122041531 0.6166721408035902 4.907183700805263
89 6.448911666870117 0.9218012108524363 0.6749709383899076 4.85213961237344
90 6.444297790527344 0.9126856555206544 0.7183671659032993 4.813244439213404
91 6.438854217529297 0.9078707267856316 0.7198763449198597 4.811107386350329
92 6.435303688049316 0.9072064281494931 0.6961466052200145 4.83194986550825
93 6.431332111358643 0.9078736821911662 0.6787298722320987 4.844728294925517
94 6.425032138824463 0.908306966871578 0.6793568471883549 4.837369035191159
95 6.421102046966553 0.909585893362503 0.6835423007810457 4.827974496986581
96 6.418230056762695 0.912048264298619 0.6701238096970328 4.836058215533398
97 6.414343357086182 0.9140514052591691 0.6418224980158301 4.858469054673261
98 6.411271572113037 0.9132970018796605 0.6265860942701235 4.8713884622876105
99 6.4074811935424805 0.9084538888240787 0.6451376542346239 4.853888741696966
100 6.4033918380737305 0.9012481170647906 0.688915306914474 4.813229020808302
101 6.4009222984313965 0.895433601507591 0.726137904149321 4.779350585643382
102 6.397723197937012 0.8934065600335543 0.7303514293656233 4.773965624741794
103 6.394341468811035 0.8948186337875281 0.7080609674428782 4.791461400548486
104 6.391787052154541 0.8972235497045542 0.6872120606128393 4.807351806330774
105 6.3894524574279785 0.8983783816161406 0.6857748032068206 4.805300358304093
106 6.387907028198242 0.8979733228356963 0.6984481353241458 4.791486129475208
107 6.386324882507324 0.8965631333078363 0.7083171551621288 4.7814449012583005
108 6.383958339691162 0.894459045244389 0.7099527801587522 4.7795461639327925
109 6.382091522216797 0.8916562382426643 0.7146369733929959 4.775798355684735
110 6.380281925201416 0.8882925734561109 0.7325554901725091 4.7594334433053636
111 6.378487586975098 0.8856077363073354 0.7563944752675263 4.736484919620816
112 6.376997470855713 0.885089956339641 0.7647144414390772 4.727192917134
113 6.375033378601074 0.8867462998604765 0.7508780746011321 4.7374083556583155
114 6.373556137084961 0.8890256471609952 0.7310894920276333 4.75344194744372
115 6.37195348739624 0.8900662463005686 0.7277160521442962 4.7541708964445135
116 6.370257377624512 0.8893974031459209 0.739000346514379 4.741859397873394
117 6.368507385253906 0.8878102733883395 0.7496658804414991 4.731031196770146
118 6.366538047790527 0.8861442718845092 0.7523881412842021 4.728006236780438
119 6.364981651306152 0.8847675122767251 0.7542751214992622 4.725938728503838
120 6.3631792068481445 0.8838532794618565 0.7613787855664467 4.717947427267579
121 6.361440658569336 0.8839412480509666 0.7665114750106614 4.710988113917076
122 6.3595805168151855 0.8852590277141716 0.758912661244884 4.715408619734032
123 6.357723236083984 0.8870600159763136 0.7435439034189106 4.727119261382106
124 6.356072425842285 0.8880687296083544 0.7350225943436217 4.732981532459441
125 6.354355812072754 0.8876547877230268 0.7400990994048007 4.726602050812692
126 6.352784156799316 0.8864577951529284 0.7499494938900434 4.716376673241772
127 6.351269721984863 0.8855045856509496 0.7538876724118873 4.711878313524318
128 6.350013732910156 0.8852482221961679 0.7504605156868378 4.714304755949962
129 6.348779201507568 0.8854447515339139 0.7481550427505059 4.715179583091639
130 6.347513198852539 0.8858855430464239 0.748724157113286 4.712903741736244
131 6.346347332000732 0.8865950918387995 0.7460307708380746 4.713722323138039
132 6.345181465148926 0.8872974730127368 0.7401231909002288 4.717761155063372
133 6.344014644622803 0.8874400775575602 0.7365791016335514 4.719995689713391
134 6.342788219451904 0.8867041914362193 0.7399067203146483 4.716177038946867
135 6.341557502746582 0.8854288973143634 0.7478964152937165 4.708231909181481
136 6.340391635894775 0.8843464935113277 0.7538678433410925 4.702177094304808
137 6.339256286621094 0.8839014646321887 0.754103615219346 4.701251252537405
138 6.338176727294922 0.883927491534307 0.7513356617908897 4.702913336110303
139 6.337094306945801 0.8839511223410366 0.7508011220756869 4.702342485851755
140 6.336019992828369 0.8837432498676733 0.7528955446658141 4.699380668684141
141 6.3349480628967285 0.8833483420407369 0.7551922018875663 4.696407590698937
142 6.3339009284973145 0.8828158792095153 0.7563066754659135 4.6947782260737485
143 6.332859516143799 0.8820733726496004 0.7578974854143605 4.692888931107305
144 6.331822395324707 0.8811034850300894 0.7618862741611594 4.68883236732016
145 6.330760955810547 0.8801361061118111 0.7674389033205421 4.68318546927871
146 6.329663276672363 0.879548712612582 0.7709221407977211 4.679192618390644
147 6.328560829162598 0.879475832680896 0.7692767026015772 4.679808280140965
148 6.327484130859375 0.8795570810616065 0.7680999681860733 4.6798271954470385
149 6.326451301574707 0.879503373252339 0.7687056594386936 4.678241837842428
150 6.325394630432129 0.8792469383185608 0.7698558001803848 4.67629225063763
151 6.324312210083008 0.8788019898670065 0.770605096613151 4.6749044993109745
152 6.323249816894531 0.8781578371284171 0.7718884824089063 4.673203013050091
153 6.322193145751953 0.8773764878730299 0.7746855899211074 4.670131106280187
154 6.3210883140563965 0.8766889675579561 0.7778334384839738 4.66656625295797
155 6.3199992179870605 0.8763623920246135 0.7789469421223636 4.664689572886669
156 6.318937301635742 0.8764370825807888 0.7771332848949357 4.665367029519988
157 6.317915916442871 0.8766550169478586 0.7743466599376054 4.666913549301144
158 6.316922664642334 0.8766890598973358 0.7732015512516441 4.667032267625444
159 6.315945148468018 0.8764184671114457 0.774140291053661 4.665386383540332
160 6.315031051635742 0.8759661379876391 0.7756608921112823 4.663404197104747
161 6.314115524291992 0.8755066772010167 0.7764875874486077 4.6621209669564365
162 6.3131818771362305 0.8751233900854132 0.7767690022519599 4.661289722201139
163 6.312199592590332 0.8748243014650825 0.7771647341550972 4.66021071864477
164 6.311212062835693 0.8746220304611114 0.777540388392287 4.659049535072334
165 6.310250282287598 0.8745129439335244 0.7771671047846285 4.658570279325964
166 6.309290409088135 0.8744008914627912 0.7762997823842552 4.658589660055103
167 6.308321952819824 0.8741279258523278 0.776161724877414 4.6580319499769205
168 6.307353973388672 0.8736262493390272 0.7793819281009302 4.654345414665668
169 6.306376934051514 0.8731612009530609 0.7800814265717033 4.653134263828102
170 6.305471420288086 0.8726976218736686 0.779388002012196 4.653386018791
171 6.304576873779297 0.8720585222032469 0.7831238148752692 4.649394366343925
172 6.303712368011475 0.8715571480741602 0.787152510794554 4.645003008566517
173 6.302732467651367 0.8714741882629404 0.7839901277764074 4.647268799514906
174 6.301802635192871 0.8713284494784892 0.7816006605472592 4.648873599529519
175 6.300799369812012 0.8707533732041504 0.7852257193149321 4.644820902299446
176 6.299883842468262 0.8700947448293297 0.788549655852357 4.6412393218648
177 6.298996448516846 0.8696482445277045 0.7876194776179843 4.641728436767957
178 6.298110008239746 0.8692537576527117 0.7886212307968101 4.640235459156783
179 6.29720401763916 0.8689734729714602 0.7907672245062543 4.637462771721691
180 6.296321868896484 0.8690061839385068 0.7902614224259636 4.637054433397196
181 6.295456886291504 0.8692117273946849 0.7846052577004841 4.641639845787777
182 6.2946085929870605 0.8689187174247195 0.785087362344763 4.640602480273071
183 6.293765068054199 0.8682066406785234 0.7908799601067393 4.634678764861297
184 6.292889595031738 0.8677700135208855 0.7934353661695233 4.63168460778581
185 6.291993141174316 0.8678203211783959 0.7875841315008285 4.636588642783354
186 6.291110515594482 0.8675983095238675 0.7869042929369097 4.636607456646875
187 6.290174961090088 0.8669742083414071 0.7929648644118259 4.630236155443529
188 6.289353370666504 0.8666441693085414 0.7962691666978552 4.626440463530435
189 6.2884721755981445 0.8668441305574968 0.7896439891152703 4.631984504427706
190 6.287652492523193 0.8666586224021335 0.7879791875833121 4.633014908179387
191 6.286690711975098 0.865790350205101 0.7949400969876852 4.625960388585631
192 6.285784721374512 0.8650496436997788 0.8007710724639142 4.619964078401407
193 6.284795761108398 0.8649858539578874 0.797304670829778 4.6225061105382546
194 6.283873558044434 0.8650059094683265 0.7933926925012053 4.625475003232057
195 6.282918453216553 0.8644732711705876 0.7966107774464974 4.621834329876837
196 6.2820143699646 0.863720450688235 0.8027534456129104 4.615541458198289
197 6.281092643737793 0.8634107171108343 0.8032661012898075 4.614416201877449
198 6.2801713943481445 0.8634585119677851 0.7991085099143723 4.617604405690695
199 6.279310703277588 0.8632057263324153 0.7984961167390472 4.617608313318486
200 6.278470039367676 0.862503333934308 0.8034058777929751 4.612560853894813
201 6.2776360511779785 0.8619442300101536 0.8069035974439566 4.608788261108821
202 6.27673864364624 0.8618827012427399 0.8045575584855145 4.610297936892141
203 6.275872230529785 0.8619137648567738 0.8013337322991496 4.612624987798105
204 6.2749810218811035 0.861542608526034 0.8029370202907234 4.610501489840106
205 6.274088382720947 0.8609484106385867 0.8069519750523955 4.606187686508338
206 6.273195266723633 0.8605995092148113 0.8075711999820063 4.605024672260102
207 6.27235221862793 0.8604714990219624 0.8052638617050272 4.606616638458453
208 6.271533012390137 0.8601495054162518 0.8053673267618906 4.606016499873588
209 6.270697593688965 0.8595669440633427 0.808843437734343 4.6022870933154465
210 6.269866466522217 0.8591147866389299 0.8110047267703251 4.599746868552582
211 6.269026756286621 0.8589648100021314 0.8078820856617136 4.6021802439719215
212 6.268184185028076 0.858578681863297 0.808846669898011 4.6007589265892195
213 6.267336845397949 0.8580086092117272 0.8132967588356552 4.596032067623259
214 6.266532897949219 0.857774795972229 0.8124383610567945 4.596319271996991
215 6.265716552734375 0.8576400636731205 0.8111698096152902 4.5969067170772
216 6.264883518218994 0.8573261961261768 0.8123821349803219 4.595174554493859
217 6.2640838623046875 0.8569207869132245 0.8144191722124685 4.592743383304708
218 6.263289928436279 0.8566058720500522 0.8120064031069864 4.594677623235906
219 6.262477874755859 0.8559397141923457 0.8151609017683246 4.59137760987762
220 6.26181173324585 0.8552969656054232 0.8202168440114738 4.586297497360115
221 6.261079788208008 0.8552815330617817 0.8169634810145687 4.588834073329823
222 6.260354042053223 0.8553000242108473 0.8150082098195354 4.590046269384157
223 6.259646415710449 0.8549920522691998 0.8175264688811834 4.587127706322463
224 6.2589263916015625 0.8546639150032622 0.8167499357627418 4.587512383763496
225 6.258167266845703 0.8541309141002342 0.8180401737845338 4.585996890314858
226 6.2573747634887695 0.8535183899969074 0.8221082352669138 4.581747849631531
227 6.256546497344971 0.8533408310208817 0.8199492272019611 4.58325571878701
228 6.255730628967285 0.85317521683141 0.8198008340893919 4.5827540860282445
229 6.254912376403809 0.8529251592769405 0.8196452372149361 4.582342382490402
230 6.254037857055664 0.852496701139903 0.8206344970278521 4.58090766365214
231 6.25312614440918 0.8519709373100055 0.8238674146446741 4.577287089445564
232 6.252175807952881 0.851741665471752 0.8229177496376758 4.577515505902615
233 6.251219272613525 0.8515423549769299 0.8212058562467726 4.578471468338314
234 6.250248432159424 0.8509981306181353 0.82636010560229 4.572890140955364
235 6.2492356300354 0.8507637205166685 0.8257605514695376 4.572711443419773
236 6.248167037963867 0.8505675186403261 0.8224824633691398 4.575117472867048
237 6.2470550537109375 0.8497595842380923 0.8256783493610255 4.571617094336975
238 6.245906352996826 0.8487163669170106 0.83254654302621 4.564643478747607
239 6.244731426239014 0.8483423059134876 0.8331646041983654 4.563224863452616
240 6.243597984313965 0.8485306818741263 0.8284681417371593 4.566599802065728
241 6.242438793182373 0.8483980813273622 0.8278768655296647 4.56616373677988
242 6.241282939910889 0.8477710547006558 0.8316783455213574 4.561833134173144
243 6.240106582641602 0.8471570950536101 0.8310999220772424 4.561849151921651
244 6.238952159881592 0.846350575272 0.834514817804793 4.558086883219165
245 6.237759590148926 0.8457775519920738 0.8379025732781482 4.554079292635866
246 6.236503601074219 0.845810037425258 0.8326172568514129 4.558076167942036
247 6.235199928283691 0.8454506032127385 0.8338543472964257 4.555895362652712
248 6.2338361740112305 0.8447941169180275 0.8358578340387098 4.553183766017133
249 6.232397079467773 0.844030181392782 0.8369535252328126 4.551413148548613
250 6.230913162231445 0.8431834910254673 0.8389253753920014 4.548804401805192
251 6.22936487197876 0.8424000545687852 0.8432954869081983 4.54366928483913
252 6.22776460647583 0.8421779558298222 0.8415415135361497 4.544045732254505
253 6.226102828979492 0.8419926617795647 0.8387252611785612 4.545384881073371
254 6.224359512329102 0.8411837363527241 0.8419727611017404 4.541202484265043
255 6.222602367401123 0.840104236783479 0.8471311071226786 4.535367161010048
256 6.220782279968262 0.8393558603655343 0.8456274463663882 4.53579891199056
257 6.218863010406494 0.8384363093468665 0.848644307114403 4.531782373171954
258 6.216902256011963 0.8376254624272491 0.8534246934943375 4.525852698292973
259 6.214779853820801 0.8374600612590266 0.8492668776458623 4.528052757572565
260 6.212626934051514 0.8370230103076501 0.8469003622457407 4.528703850429103
261 6.210300445556641 0.8357594565112967 0.8534026577791165 4.521138263929027
262 6.2078752517700195 0.8346192601330986 0.858129883476215 4.515125544122975
263 6.205273628234863 0.8341439748905017 0.8551152490579458 4.5160141250592885
264 6.202488899230957 0.8335495915430506 0.8542117708569748 4.51472738137806
265 6.199522018432617 0.8324322441565227 0.8596471133239214 4.507443151144716
266 6.196368217468262 0.831422079953551 0.862365375998916 4.502581260745297
267 6.1930694580078125 0.8305854252932874 0.8610094248131221 4.501474797163008
268 6.18959379196167 0.8292722876237474 0.8642802192038286 4.496040973204613
269 6.185967922210693 0.8276217029810263 0.871538401784931 4.4868084698502795
270 6.182175159454346 0.8264042110774275 0.8738547373996067 4.4819155463925195
271 6.17818021774292 0.8254988946481063 0.8728661925944352 4.4798150167715605
272 6.173952579498291 0.8242657200448009 0.8761110625963643 4.4735756179753245
273 6.169525623321533 0.8228552576174941 0.8808561498767012 4.465813965746113
274 6.16473913192749 0.8216603482156453 0.881354504880846 4.461724004153643
275 6.159554958343506 0.8203413605546923 0.8819998275150303 4.457213562565297
276 6.154014587402344 0.8186074950063991 0.8868979200377751 4.4485092601376595
277 6.14803409576416 0.816881226814111 0.8906874427676135 4.440465059202397
278 6.141731262207031 0.8153044732474282 0.8913885010023284 4.435038993381019
279 6.135117053985596 0.8133939380486928 0.8947905703245351 4.4269331317135725
280 6.128141403198242 0.8110709770073417 0.9014866995514121 4.415583900617641
281 6.120716094970703 0.8087295988953347 0.9062461549623901 4.405740706990644
282 6.112751007080078 0.8063089408801238 0.910137095659671 4.396305160749504
283 6.104155540466309 0.8035380827315732 0.916993499856146 4.383623802315981
284 6.0948710441589355 0.800648598823825 0.9239320416262846 4.370290387140329
285 6.0848822593688965 0.7978304700271632 0.9282640126902393 4.358787640476887
286 6.074258804321289 0.7947596685381011 0.9338806124524439 4.34561805866935
287 6.0628581047058105 0.7913072403789734 0.9419090582542049 4.329641650965241
288 6.050121307373047 0.7877191857946189 0.948162582493365 4.3142397030525546
289 6.036059856414795 0.7838858452480871 0.9536081565824285 4.298565853247728
290 6.020515441894531 0.7795087779974191 0.9616273346204346 4.279379171106957
291 6.003484725952148 0.7746976832638601 0.9703818318943729 4.2584052182144845
292 5.985013961791992 0.7695481660620229 0.9782005884792695 4.237265244778012
293 5.964713096618652 0.7637859639300721 0.9879182765278456 4.213009094170652
294 5.941904067993164 0.7573275969641782 0.9993469816238654 4.185229759739045
295 5.91566276550293 0.7502805848385345 1.0091133691016108 4.156269025208452
296 5.886197090148926 0.7423858568924819 1.0195561590438789 4.124255382569244
297 5.852755069732666 0.7333908270347407 1.032121064492765 4.087242760645277
298 5.814517498016357 0.7233288380399512 1.0439795466477453 4.047209093018507
299 5.769259929656982 0.7119991815397834 1.053561447491713 4.003699972476946
300 5.71527099609375 0.6988984876149555 1.0631783608992862 3.9531938182541713
301 5.654252052307129 0.6846070531514539 1.071561312726369 3.898083511993904
302 5.584362983703613 0.6690763668393478 1.0765586015990325 3.8387281104772035
303 5.500763893127441 0.6506263798183286 1.0819654946267754 3.768171584238246
304 5.410032749176025 0.6322898301283004 1.0812281235524859 3.6965145769324748
305 5.3108696937561035 0.6129020739131725 1.0797612342917293 3.618206128772254
306 5.219078063964844 0.5948205052777951 1.0914052250065391 3.532852843948045
307 5.149514198303223 0.5745771202773611 1.1359830952133736 3.438953839374916
308 5.097662448883057 0.5480686242648893 1.2223881549422508 3.327205411593198
309 5.066978454589844 0.5190674767161969 1.3445051028802624 3.203406171603857
310 5.065186500549316 0.4912549490960174 1.4918503235243519 3.0820808628783
311 5.089987754821777 0.4675040152460326 1.6464488654304514 2.9760348804638497
312 5.127044200897217 0.45017088900289925 1.7779803760626534 2.8988926847336884
313 5.156508922576904 0.44105363121947505 1.8557436403031526 2.8597116586493634
314 5.165100574493408 0.44132618858293426 1.8611958601699397 2.8625780960434977
315 5.15284538269043 0.45089627104500757 1.795724823728832 2.906224237358642
316 5.130142688751221 0.4674693594985513 1.6837638515142102 2.978909885550199
317 5.108936309814453 0.4871491721906125 1.5578035022162786 3.0639832659671478
318 5.095361232757568 0.5058851734767416 1.4438961952034735 3.1455804752829204
319 5.088980674743652 0.5206947223800711 1.3580017609309052 3.210283784457688
320 5.086204528808594 0.5305121492562748 1.3028907748362002 3.252801294626733
321 5.083588600158691 0.5353636635622365 1.2756739739097611 3.272551058232816
322 5.079732418060303 0.5352759101050424 1.2751595492390209 3.2692972667665856
323 5.07530403137207 0.530434828160812 1.2990796908689823 3.245789450100528
324 5.0718817710876465 0.5214406649532595 1.3446698496105454 3.2057709159045604
325 5.070901393890381 0.5097790479704882 1.405959111398833 3.1551631847727126
326 5.072714328765869 0.49766339811682014 1.4720837706913408 3.1029671124881077
327 5.076234340667725 0.4868935860872039 1.533587979581154 3.0557525592665202
328 5.079508304595947 0.4785530412441972 1.5824269158269901 3.018527698063693
329 5.080552577972412 0.47311464021674965 1.6128483793093888 2.9945897655109945
330 5.07829475402832 0.47072537096778433 1.6230512553944765 2.9845182304513855
331 5.0731587409973145 0.47162354721729116 1.6123045579035589 2.989230835684282
332 5.0667524337768555 0.47566976377525805 1.5838262808143613 3.0072562586565397
333 5.061087608337402 0.48206148895143386 1.5442813500828565 3.0347447638385843
334 5.057731628417969 0.4895214830977753 1.501070611388804 3.0671396289793464
335 5.057185649871826 0.49661948903423436 1.4620336035750228 3.0985323479736087
336 5.058887004852295 0.5024666249275012 1.4312686483433694 3.1251517083040596
337 5.061618804931641 0.5067021551834164 1.4101111523364835 3.1448059094044822
338 5.064048767089844 0.5091333526775014 1.3991073624259027 3.1558085231199837
339 5.0652618408203125 0.5096280037211045 1.3976663157787743 3.157967986453352
340 5.064986705780029 0.5080450817166167 1.4059450499265644 3.1509967773189658
341 5.063538074493408 0.5046474862440142 1.4225235726307082 3.136367414561212
342 5.061590671539307 0.5001673225814471 1.4442461691535455 3.1171766924682247
343 5.059814453125 0.49545127953470824 1.4679072114396554 3.096456265347614
344 5.05863094329834 0.4912254473166805 1.4898575441184028 3.077547797132666
345 5.058123588562012 0.48783851849602544 1.508031949799558 3.0622532035218555
346 5.058098316192627 0.48548566677079674 1.5207950199330398 3.0518176056779573
347 5.058264255523682 0.4843899530895648 1.526537905622078 3.0473364942065917
348 5.058401107788086 0.4846877605053983 1.5248880224668966 3.0488249076286706
349 5.058420181274414 0.48634109987938956 1.5160629115593203 3.0560160913075762
350 5.05836296081543 0.48894173054634393 1.5022865066235573 3.0671346822203986
351 5.058311462402344 0.4919145745308988 1.4863931748168344 3.080004009210807
352 5.05831241607666 0.4947780919828215 1.47075861763267 3.0927761318528795
353 5.058350563049316 0.49722292934658796 1.4573691617712312 3.1037582424337433
354 5.058353900909424 0.49911549350049106 1.4469947194929198 3.1122439206360997
355 5.058250904083252 0.5002744996772841 1.440678942190026 3.1172976335522673
356 5.058012962341309 0.5005332175405806 1.4390374665234391 3.1184421462550347
357 5.05767297744751 0.49985699098999525 1.4420541368452426 3.115761849850951
358 5.057319641113281 0.49841718169073657 1.4490668229880952 3.109835684844697
359 5.0570549964904785 0.49657753875665744 1.458344222534194 3.10213353351692
360 5.056948661804199 0.49465363739300416 1.4684981004759408 3.0937967126283854
361 5.0570068359375 0.49287408574035974 1.4781318642481267 3.0860012875754204
362 5.057175636291504 0.4913803649695325 1.4862471660089938 3.0795484288508277
363 5.057363033294678 0.4903187677980483 1.4919664834249886 3.0750776132900395
364 5.057483673095703 0.48986125889547144 1.494343266912022 3.0732791413428626
365 5.057492733001709 0.4900613354273533 1.4932864639396684 3.0741449257938296
366 5.05739688873291 0.49083471092522224 1.4891446607141887 3.077417638165394
367 5.057243824005127 0.4919520498098966 1.4830976862615302 3.0821937194376665
368 5.0570902824401855 0.49318724683377213 1.476321438678582 3.0875813802109473
369 5.056981563568115 0.4943907493906824 1.4696904939013677 3.0929007231123964
370 5.0569353103637695 0.4954451734882738 1.4640565840152817 3.097433611804417
371 5.056940078735352 0.4962528075538456 1.4598636418421052 3.100823366121114
372 5.056970596313477 0.49667933061153224 1.457797926006208 3.1024937227034783
373 5.057003021240234 0.49667375497741895 1.4579313188455671 3.10239786349485
374 5.057021141052246 0.4962790080192738 1.4600733088519036 3.1006685468515345
375 5.057021617889404 0.4956293409119348 1.4635921809451737 3.097800619601783
376 5.05701208114624 0.4948685317349708 1.4677487190367984 3.0943948540298134
377 5.0569987297058105 0.494084794576096 1.472078065345774 3.0908356647359945
378 5.0569868087768555 0.49336090178383596 1.4759841511492384 3.087641338002996
379 5.056975364685059 0.49277105511818364 1.4791211431539733 3.0850832860948794
380 5.056962490081787 0.49241633982181043 1.4809577406484955 3.0835887994363405
381 5.056946277618408 0.49234484793746225 1.4813296120764932 3.08327220982698
382 5.056927680969238 0.4925337411738254 1.4803444909478074 3.084049088576296
383 5.05690860748291 0.49290672245463996 1.478325429689633 3.0856768919230464
384 5.056897163391113 0.49337164930035093 1.4757882894636225 3.0877369967073176
385 5.056894302368164 0.4938779616539711 1.4729852645623964 3.090030913122933
386 5.056900501251221 0.4943640321410517 1.470385298900169 3.092150979675199
387 5.056911468505859 0.49478026305194656 1.4681695588598132 3.093961922832447
388 5.05692195892334 0.4950434656423601 1.4668201788209387 3.0950587209321196
389 5.056927680969238 0.4951270494941711 1.4663560840581056 3.095444409360079
390 5.056925296783447 0.495033594664944 1.4668445978501268 3.0950467567295776
391 5.056916236877441 0.4948184351986509 1.4679933004562713 3.0941042264991365
392 5.056903839111328 0.4945290498694444 1.4695804879110739 3.0927942098777983
393 5.056892395019531 0.4942002958777457 1.4714007121598485 3.0912917275021514
394 5.056885719299316 0.4938720182209103 1.4731703178671864 3.0898433692456404
395 5.056883811950684 0.49358300733581634 1.4747385512397244 3.088562276787993
396 5.056885719299316 0.493394609924091 1.4757358492042272 3.0877554018857833
397 5.056889533996582 0.4933215012869301 1.4761830182774531 3.087385059353603
398 5.056892395019531 0.4933684856896217 1.47594861546456 3.0875756230924694
399 5.056893825531006 0.49349346382117465 1.4753062984162568 3.0880945931461894
400 5.056894302368164 0.49367816572607626 1.4742798616694586 3.0889360385598765
