0 169.50726318359375
1 10.576915740966797
2 192.13853454589844
3 31.74684715270996
4 6.165797710418701
5 33.75883102416992
6 48.30393981933594
7 43.1910400390625
8 27.3325252532959
9 11.40738582611084
10 2.8474392890930176
11 10.559428215026855
12 15.69208812713623
13 23.470264434814453
14 27.028573989868164
15 24.229358673095703
16 17.980607986450195
17 12.571252822875977
18 10.473785400390625
19 11.580147743225098
20 2.8189501762390137
21 4.1862592697143555
22 5.380585670471191
23 5.822082996368408
24 5.391114234924316
25 4.364722728729248
26 3.2216787338256836
27 2.411616086959839
28 11.482479095458984
29 10.578773498535156
30 10.557863235473633
31 11.210180282592773
32 12.012747764587402
33 12.450419425964355
34 12.295111656188965
35 11.683931350708008
36 10.979707717895508
37 10.53225040435791
38 10.492744445800781
39 10.770715713500977
40 11.127095222473145
41 11.326714515686035
42 10.98864459991455
43 10.53421401977539
44 10.614161491394043
45 10.848335266113281
46 10.628399848937988
47 10.46253490447998
48 10.529437065124512
49 10.639202117919922
50 10.64824390411377
51 10.56479263305664
52 10.478238105773926
53 10.467121124267578
54 10.524839401245117
55 10.567461967468262
56 10.543281555175781
57 10.488992691040039
58 10.461017608642578
59 10.47189712524414
60 10.496797561645508
61 10.508173942565918
62 10.497723579406738
63 10.476631164550781
64 10.462082862854004
65 10.462833404541016
66 10.474156379699707
67 10.484037399291992
68 10.484009742736816
69 10.475064277648926
70 10.46489143371582
71 10.46053409576416
72 10.463275909423828
73 10.468936920166016
74 10.472113609313965
75 10.4703950881958
76 10.46556568145752
77 10.461450576782227
78 10.460678100585938
79 10.462906837463379
80 10.465620994567871
81 10.466423988342285
82 10.464816093444824
83 10.462241172790527
84 10.460640907287598
85 10.460883140563965
86 10.462284088134766
87 10.463395118713379
88 10.463274002075195
89 10.462118148803711
90 10.460916519165039
91 10.460527420043945
92 10.461026191711426
93 10.461773872375488
94 10.462057113647461
95 10.461662292480469
96 10.460977554321289
97 10.460549354553223
98 10.460634231567383
99 10.461021423339844
100 10.46130084991455
101 10.461222648620605
102 10.460884094238281
103 10.46058464050293
104 10.460539817810059
105 10.460716247558594
106 10.460905075073242
107 10.460920333862305
108 10.460766792297363
109 10.46058177947998
110 10.460522651672363
111 10.46059799194336
112 10.460709571838379
113 10.46074104309082
114 10.460667610168457
115 10.460567474365234
116 10.460521697998047
117 10.460556030273438
118 10.460616111755371
119 10.460640907287598
120 10.460602760314941
121 10.46054744720459
122 10.460522651672363
123 10.460536003112793
124 10.460573196411133
125 10.460586547851562
126 10.460564613342285
127 10.460535049438477
128 10.46052074432373
129 10.460529327392578
130 10.460550308227539
131 10.460558891296387
132 10.460543632507324
133 10.460530281066895
134 10.460521697998047
135 10.460525512695312
136 10.460535049438477
137 10.460540771484375
138 10.460533142089844
139 10.46052360534668
140 10.460522651672363
141 10.460526466369629
142 10.460530281066895
143 10.46053409576416
144 10.460528373718262
145 10.46052360534668
146 10.460521697998047
147 10.460522651672363
148 10.460527420043945
149 10.460526466369629
150 10.46052360534668
151 10.46052074432373
152 10.460521697998047
153 10.460522651672363
154 10.46052360534668
155 10.460524559020996
156 10.460522651672363
157 10.460522651672363
158 10.460522651672363
159 10.460526466369629
160 10.460522651672363
161 10.460521697998047
162 10.46052074432373
163 10.460519790649414
164 10.460521697998047
165 10.460521697998047
166 10.460519790649414
167 10.460521697998047
168 10.46052074432373
169 10.460522651672363
170 10.460522651672363
171 10.460521697998047
172 10.460521697998047
173 10.460521697998047
174 10.460521697998047
175 10.460522651672363
176 10.46052074432373
177 10.46052074432373
178 10.46052074432373
179 10.460522651672363
180 10.46052074432373
181 10.46052360534668
182 10.46052074432373
183 10.460519790649414
184 10.460519790649414
185 10.46052360534668
186 10.46052074432373
187 10.460519790649414
188 10.460521697998047
189 10.46052360534668
190 10.460522651672363
191 10.460521697998047
192 10.460521697998047
193 10.460521697998047
194 10.460522651672363
195 10.46052074432373
196 10.46052360534668
197 10.460522651672363
198 10.460522651672363
199 10.46052360534668
200 10.460522651672363
201 10.460522651672363
202 10.460522651672363
203 10.460522651672363
204 10.460521697998047
205 10.460522651672363
206 10.460522651672363
207 10.460519790649414
208 10.460519790649414
209 10.46052360534668
210 10.46052360534668
211 10.460522651672363
212 10.460522651672363
213 10.460519790649414
214 10.460519790649414
215 10.460522651672363
216 10.460522651672363
217 10.460522651672363
218 10.460521697998047
219 10.460519790649414
220 10.46052360534668
221 10.460522651672363
222 10.460522651672363
223 10.460522651672363
224 10.460522651672363
225 10.460519790649414
226 10.460519790649414
227 10.460522651672363
228 10.46052074432373
229 10.46052074432373
230 10.460521697998047
231 10.460522651672363
232 10.46052074432373
233 10.460522651672363
234 10.460522651672363
235 10.460522651672363
236 10.460518836975098
237 10.460522651672363
238 10.460522651672363
239 10.460519790649414
240 10.46052074432373
241 10.46052074432373
242 10.46052074432373
243 10.460519790649414
244 10.460522651672363
245 10.460522651672363
246 10.460522651672363
247 10.460522651672363
248 10.46052074432373
249 10.46052074432373
250 10.460522651672363
251 10.46052074432373
252 10.460519790649414
253 10.460522651672363
254 10.46052074432373
255 10.46052360534668
256 10.46052074432373
257 10.460522651672363
