0 630.5709838867188
1 434.8356628417969
2 276.80987548828125
3 156.49295043945312
4 72.82949829101562
5 23.264171600341797
6 3.3172571659088135
7 11.739956855773926
8 26.519359588623047
9 50.24658966064453
10 73.90309143066406
11 90.87303924560547
12 97.89347839355469
13 94.80634307861328
14 83.62337493896484
15 67.47539520263672
16 49.74365234375
17 33.440582275390625
18 20.806184768676758
19 13.085042953491211
20 10.467646598815918
21 12.195751190185547
22 4.026998996734619
23 7.57905387878418
24 11.71841812133789
25 15.381948471069336
26 17.785297393798828
27 18.523902893066406
28 17.58591079711914
29 15.28904914855957
30 12.166641235351562
31 8.83279800415039
32 5.854210376739502
33 3.650001049041748
34 2.432685613632202
35 11.271700859069824
36 10.498592376708984
37 10.67165756225586
38 11.51401424407959
39 12.641185760498047
40 13.668017387390137
41 14.30129337310791
42 14.397027015686035
43 13.972489356994629
44 13.176490783691406
45 12.231282234191895
46 11.36493968963623
47 10.752103805541992
48 10.477049827575684
49 10.525283813476562
50 10.802118301391602
51 11.169797897338867
52 11.490887641906738
