0 151.02940368652344 0.4703919191490513 148.24281902890652 2.3162007915583764
1 69.73966217041016 6.990377749316394 61.77102858587746 0.9782526437193155
2 64.1903076171875 7.133375369012356 57.05693406134378 0.0
3 16.040437698364258 3.216675277799368 10.782523655264377 2.0412388928234577
4 17.539634704589844 0.9991616133484058 12.18272826645238 4.357745053697727
5 34.33723831176758 0.3266487852196578 32.47051344794454 1.5400776664512597
6 37.60993576049805 0.21930240469525789 36.370065004448406 1.0205656506526444
7 25.191274642944336 0.41436008596792817 22.82297768734861 1.9539387110853568
8 14.044144630432129 1.1235763938166201 7.666750012486029 5.253818508703262
9 10.34321403503418 2.3246432673186064 2.6918141926782253 5.326755810528994
10 10.25149154663086 3.5356933381408453 5.974272799707099 0.741525175049901
11 13.33410930633545 4.190446501597762 9.143663129238625 0.0
12 11.41142749786377 4.004086246713996 7.407340573547916 0.0
13 7.634911060333252 3.236029788851738 3.4293686636975513 0.9695124309509993
14 8.641054153442383 2.3379726763814688 1.6867730176632074 4.616308999247849
15 11.464422225952148 1.5682770456187427 3.541594510096906 6.354551188647747
16 13.435258865356445 1.0313772866502404 7.5094097448592025 4.894471421604976
17 14.811383247375488 0.7508751160930842 10.385390665805971 3.6751178402919322
18 14.09253978729248 0.6858361528720707 10.009747592604981 3.3969552716007456
19 11.639129638671875 0.7857981091365218 6.979724862294621 3.8736067009158432
20 9.50633430480957 1.0031730746850371 3.6097469890158416 4.893414301797748
21 9.069048881530762 1.254533858038485 1.7353031191274628 6.079212080221623
22 9.58203125 1.42624881118536 1.4025820154123936 6.75320114241913
23 9.186355590820312 1.4339833282865584 1.5124820799227428 6.239890412427485
24 8.322559356689453 1.2772759064100683 1.4857748688907733 5.559508295496926
25 7.810991287231445 1.030154383275658 1.7753492426230537 5.00548784842249
26 7.581652641296387 0.784194546751678 2.8208352171599786 3.976622799586039
27 7.788686752319336 0.6003317488357425 4.037954443135886 3.1504005319802673
28 7.573895454406738 0.4946770479436964 4.378299247611505 2.700919001370494
29 6.8857221603393555 0.47854612255468965 3.706567321067184 2.7006088378839195
30 6.525429725646973 0.5566473044455051 2.838985123760968 3.1297966700512916
31 6.821436405181885 0.6734514767304063 2.442233458709911 3.7057516458444297
32 7.074420928955078 0.7213689202908427 2.4092540135585443 3.9437978623900563
33 6.665284633636475 0.6410652259364724 2.439629959261767 3.5845897949766368
34 5.998722553253174 0.48124275682494044 2.672629802351932 2.844850187189877
35 5.878570556640625 0.3443395022768527 3.3473269361165507 2.1869038115255535
36 6.273805141448975 0.28700561649748124 4.094875867182621 1.891923556861002
37 6.397854804992676 0.2905673610512167 4.18969210117812 1.9175953495880549
38 6.117232799530029 0.3294622433168115 3.631556069700442 2.1562143418050255
39 6.0304741859436035 0.39765288698254153 3.0911847900772367 2.541636247362476
40 6.218441963195801 0.46108789986465126 2.880286955162231 2.877067433553748
41 6.170173168182373 0.46639416087418795 2.8008050096928185 2.9029736993834376
42 5.823496341705322 0.4069198543438688 2.8245267940849326 2.59204989252612
43 5.651854991912842 0.329579392215237 3.1458197635006084 2.176455919397995
44 5.794860363006592 0.2786715316469781 3.6261842081903195 1.890004290471552
45 5.884256362915039 0.2663714724476449 3.7992557246569394 1.8186291044694372
46 5.742201805114746 0.29259083030046895 3.482724972403215 1.9668863652041182
47 5.607208251953125 0.35255907278042287 2.9637150022440655 2.290933937765658
48 5.628749847412109 0.4199446286074817 2.5665749839235596 2.642230557394214
49 5.626225471496582 0.4552511218935251 2.347724497624637 2.8232497456483543
50 5.471072196960449 0.4441621145233512 2.2652036164310045 2.7617068581748754
51 5.320743560791016 0.410609147278592 2.3401867825586047 2.569947896641679
52 5.326406478881836 0.3870346709154546 2.524532667366206 2.414838961092755
53 5.3865580558776855 0.38673315866617486 2.6174471093829617 2.3823779575759545
54 5.355444431304932 0.4060378275171388 2.475779313506356 2.473627055180259
55 5.282580852508545 0.43860501289600506 2.1904868180364403 2.6534891776100267
56 5.274696350097656 0.4734187607537024 1.951529404090469 2.8497481970698573
57 5.295091152191162 0.4919711594702676 1.8463323943024403 2.956787743140012
58 5.259647369384766 0.481550008058548 1.8709215572731226 2.9071759465150535
59 5.203232288360596 0.4490375065943226 2.0180234386830507 2.736171046795789
60 5.20371675491333 0.4145103764021769 2.239387293967827 2.5498189509962685
61 5.233919620513916 0.3941348749503959 2.3993102711957657 2.4404744500352535
62 5.2194929122924805 0.3926912946626544 2.3848298836191706 2.441972642613109
63 5.175126552581787 0.40618932741926983 2.235427534453292 2.5335096388007514
64 5.162205696105957 0.42403706070035696 2.0874280938657286 2.650740494718775
65 5.169236660003662 0.4320775656378828 2.0272445278485294 2.7099150458234362
66 5.151183605194092 0.4225467015057802 2.063480702785105 2.6651562742190436
67 5.126759052276611 0.40078299629385583 2.180781792839297 2.545194247359177
68 5.1307454109191895 0.37819145910907537 2.3331986916430467 2.41935562571598
69 5.136979103088379 0.3617838230711641 2.436154966094726 2.33904042008362
70 5.118996620178223 0.3532547657669056 2.4465163657983284 2.3192253798333695
71 5.106966018676758 0.3511007789929863 2.4139081037346193 2.3419573643186595
72 5.1176981925964355 0.3495058366970625 2.406735694391079 2.3614567699551117
73 5.1213579177856445 0.3415386464621406 2.448212531021836 2.331606851395918
74 5.1106414794921875 0.3273574310296681 2.5300493835758715 2.2532339638855774
75 5.10971212387085 0.31444790548994206 2.621474540014473 2.1737896795675624
76 5.114664077758789 0.30949411178880837 2.6645940406699724 2.140575597557472
77 5.106750011444092 0.3137374443031149 2.6248943068673456 2.168118234258145
78 5.098533630371094 0.3241169614921091 2.53831830897225 2.236098068242427
79 5.101977348327637 0.334353239974007 2.466867846380885 2.300756351876771
80 5.101043224334717 0.33819657246931456 2.441557911759877 2.3212883969245013
81 5.090493679046631 0.3347015506733442 2.4628768252143107 2.2929151093412656
82 5.0849690437316895 0.32856384670594707 2.508726141710927 2.247679104359122
83 5.083442687988281 0.32510001881746575 2.5353986296193316 2.2229443430696847
84 5.076947212219238 0.3269798910332611 2.513434897876352 2.2365325077989837
85 5.071810245513916 0.3333355721842963 2.4593516077174495 2.279123381973477
86 5.072595119476318 0.3401253309857566 2.4111648048024605 2.321304724289803
87 5.070592403411865 0.34306163497967646 2.3919194070866854 2.3356113206828013
88 5.064520835876465 0.3418084896693472 2.401756631823563 2.320955778937787
89 5.061685562133789 0.3399736011924688 2.42055813952615 2.3011537250422407
90 5.060694217681885 0.34112228645244613 2.418589208922823 2.3009828873327933
91 5.057114601135254 0.3460677573311841 2.383460495218751 2.3275865756586427
92 5.054211139678955 0.35254423643345945 2.335273536422433 2.3663935452350415
93 5.053133964538574 0.3566968970117159 2.30446285314727 2.3919738935946953
94 5.049696445465088 0.3558635819936171 2.306932755028985 2.386900139710633
95 5.044685363769531 0.3507480254920665 2.3382792304650306 2.355658239830518
96 5.041779518127441 0.3448498819489032 2.3766049929289332 2.3203249801299535
97 5.0391082763671875 0.34141251267283224 2.3959831773135956 2.301712623826461
98 5.034914970397949 0.34149170253658667 2.387766325544601 2.305657412915025
99 5.031230449676514 0.3434511521772947 2.366935064068136 2.3208442626928445
100 5.027866840362549 0.3444399183790665 2.3549161050312386 2.328510740859201
101 5.022943019866943 0.3428344341518823 2.3616904399418903 2.3184183884295635
102 5.017722129821777 0.3395405313640367 2.381449238259724 2.296733107388718
103 5.01318883895874 0.33674661655095406 2.3978683565752816 2.278573653922649
104 5.007501125335693 0.335868917114567 2.397584342218779 2.2740480231295805
105 5.000375270843506 0.33643415811820887 2.383328964637103 2.2806119868764654
106 4.992713928222656 0.3367206313414499 2.36976742223449 2.2862254057836253
107 4.983675956726074 0.3350458826171234 2.369326988739355 2.2793027290317696
108 4.972651958465576 0.33135197625961155 2.382319352882967 2.2589808082557283
109 4.960288047790527 0.3273039894993417 2.3972205445592896 2.2357634748041164
110 4.946040153503418 0.32476606173440814 2.399311266906579 2.2219626599689946
111 4.92891788482666 0.32427999866195023 2.383016982515001 2.221620731812436
112 4.909782409667969 0.32476984162349254 2.3568698907502936 2.228142501495313
113 4.888686180114746 0.3244308213761542 2.3343288830869184 2.229926623898791
114 4.864969253540039 0.32215380150591955 2.322513443785617 2.2203022467147093
115 4.839536190032959 0.318287163390778 2.318562886915938 2.202686254546279
116 4.812996864318848 0.3142451735038776 2.3131243863066446 2.1856271668802947
117 4.785411357879639 0.3107053814892424 2.2992356947091785 2.175469861351303
118 4.758197784423828 0.30780149494239595 2.2791906419972863 2.171205910810386
119 4.732294082641602 0.30456697595946025 2.260948895825229 2.1667783812299604
120 4.708251953125 0.3004180536081549 2.2514701771719756 2.1563634403282776
121 4.685417652130127 0.2953701496880967 2.2494096968178514 2.1406377029488795
122 4.665678977966309 0.29077472595963627 2.2495663478578587 2.1253376827808097
123 4.64780855178833 0.2866778209572658 2.2463779811012765 2.114752737499657
124 4.631708145141602 0.28315835165267345 2.2398982822299347 2.108651618953445
125 4.61808967590332 0.2796092525968561 2.2370000661984863 2.10147985110234
126 4.605804443359375 0.2748406646423973 2.2434418468481274 2.0875221974565648
127 4.592573165893555 0.2690517105802428 2.2563947031628517 2.067126777052181
128 4.5768723487854 0.2635707634326536 2.2643481682369133 2.048953427671222
129 4.557275772094727 0.25948427595722023 2.2574638197957855 2.0403279600432143
130 4.534296035766602 0.257044407480862 2.2353602390072407 2.0418913783796597
131 4.510300636291504 0.25560856802621856 2.205786869777583 2.048905010364251
132 4.488334655761719 0.2545921418641228 2.1770222647792417 2.0567204930703156
133 4.469540596008301 0.25380628745188005 2.1518173788182837 2.0639168409397826
134 4.4528961181640625 0.25358061245060526 2.1260906650344125 2.0732251178415027
135 4.437438011169434 0.2543518348829821 2.0949101249186404 2.088175964425318
136 4.421811103820801 0.2555579828622285 2.060495147973352 2.105757839162834
137 4.404844760894775 0.25612603608169593 2.0291860723092308 2.1195326010347344
138 4.386082649230957 0.25501090128091164 2.0081739214545586 2.1228976096899714
139 4.365468502044678 0.25199948510271497 1.9988046654062326 2.114664510037983
140 4.343757152557373 0.24752093023562338 1.9982295404307349 2.098006348576746
141 4.321321487426758 0.24256142778904177 1.998715466863891 2.080044813803397
142 4.299066066741943 0.2375636657961877 1.997997183838352 2.063504815887427
143 4.277130126953125 0.23247745042317547 1.9969357182732952 2.047717217988975
144 4.254956245422363 0.2270995577055146 1.9982195742707343 2.029637305327924
145 4.232107162475586 0.2215283393888967 2.001647053266351 2.0089316179437446
146 4.207622051239014 0.2162834626797121 2.0023846461936947 1.9889538254210493
147 4.180983066558838 0.2121233171201311 1.9939672640154655 1.9748923692750395
148 4.1506500244140625 0.2095893987789168 1.9696262486422942 1.9714344674503081
149 4.11752986907959 0.2085908477056364 1.930680920393879 1.978258007515251
150 4.085268974304199 0.208176601313653 1.8897439364769373 1.9873485330565472
151 4.055271625518799 0.20759083868222206 1.8552919786695126 1.9923890547396468
152 4.028275489807129 0.20681067147188514 1.8278292425332692 1.9936356714165413
153 4.004342555999756 0.20620733147491244 1.8024823868581585 1.9956529888356282
154 3.9830634593963623 0.2058069209690636 1.7760607167529345 2.0011959287288406
155 3.9637198448181152 0.20507222480552656 1.7510157354210065 2.007631923050859
156 3.945740222930908 0.20332614878285593 1.7338280935733776 2.0085859772761188
157 3.9282853603363037 0.2002933322333238 1.7278153685626725 2.0001767082117485
158 3.9114320278167725 0.1964850518218122 1.7302667224152257 1.9846802776848347
159 3.8953535556793213 0.19271456716636948 1.7341788937426446 1.9684599683800603
160 3.880156993865967 0.18952306176902137 1.7341762910194474 1.9564577822933966
161 3.8660521507263184 0.1867451702788543 1.731373611191671 1.9479333061686033
162 3.8531274795532227 0.18388770543345956 1.730694795571392 1.938545308743823
163 3.8411593437194824 0.18064212160057735 1.734986839859918 1.9255302843219155
164 3.830138683319092 0.17705775423169 1.742833343695466 1.9102477485273948
165 3.8202435970306396 0.17347003907576308 1.750019304678824 1.8967543440056036
166 3.8113598823547363 0.17032690967366548 1.7527739204999442 1.8882590495613591
167 3.8034448623657227 0.1677610198350976 1.751388684549601 1.884295253299264
168 3.7966833114624023 0.1659947675105824 1.7482887328162637 1.8823999052337854
169 3.791107416152954 0.1649420069201282 1.7449050890202367 1.8812605374194769
170 3.7866013050079346 0.16429326989503323 1.7410990849681585 1.8812089452135048
171 3.783128261566162 0.1637984271790085 1.73599150763769 1.8833382816905146
172 3.7803053855895996 0.1631462740988594 1.7307353037664266 1.8864240583565772
173 3.7782294750213623 0.16238719252170597 1.7272937657402752 1.8885486162404765
174 3.776507616043091 0.16158698728617793 1.7267725887106509 1.8881480470392056
175 3.7750353813171387 0.16098075542766566 1.7279438987722944 1.8861111139837297
176 3.7737104892730713 0.16067755031600228 1.7281424520816389 1.8848904547952827
177 3.7723186016082764 0.16068055458554165 1.7266953631274609 1.8849427238862106
178 3.770984649658203 0.16075579798143735 1.7247189304135584 1.8855098717095728
179 3.769627094268799 0.16073622079354788 1.7245411455893147 1.8843498776601564
180 3.76822566986084 0.16039569423784883 1.7267947417543006 1.8810352931329728
181 3.7669312953948975 0.15978792398996688 1.7292490425303615 1.8778940764779313
182 3.7656636238098145 0.1592328645415364 1.7301075657007992 1.876323282989162
183 3.7642617225646973 0.15903597005763004 1.728796830577164 1.8764290019787808
184 3.7627456188201904 0.1592537244753629 1.7253850365193175 1.878106763190424
185 3.761227607727051 0.15991314449752103 1.7204890857883983 1.8808255032448722
186 3.759608507156372 0.1607763259176025 1.714082236417425 1.8847499086062713
187 3.7579169273376465 0.1615010477876595 1.7068576529351351 1.889558196275451
188 3.7561964988708496 0.16199584670476952 1.7002168241378377 1.8939836647190873
189 3.7544426918029785 0.1624895426491122 1.6951331595677555 1.8968203272864024
190 3.7526190280914307 0.16300010583209712 1.690935209957424 1.8986836868968346
191 3.750765323638916 0.16345303043735981 1.6867675373082271 1.9005444151934658
192 3.7488853931427 0.16374482413323221 1.6825576149585326 1.9025827955006118
193 3.746978521347046 0.16387355546176252 1.6791884387276994 1.9039164674218743
194 3.745135545730591 0.16381886638981102 1.6770039914916954 1.9043127613608992
195 3.7432756423950195 0.16356708143491083 1.6762804954307118 1.90342792633479
196 3.741412401199341 0.16328519233325522 1.675497732322662 1.902629482062152
197 3.739529609680176 0.1631353159917026 1.6736587438741335 1.902735502246356
198 3.737619400024414 0.16310316214616272 1.6704878533454877 1.904028293383975
199 3.7356765270233154 0.16326667177920484 1.6670614916524795 1.9053482399417572
200 3.7337822914123535 0.16346108355660682 1.6637546476138227 1.9065664618842408
201 3.73195219039917 0.1635815344689069 1.6610965081586888 1.9072740460763773
202 3.7302486896514893 0.16361820384140957 1.65914961725088 1.9074808374468124
203 3.7286019325256348 0.16355581722615398 1.6575687432183974 1.9074774399994254
204 3.7269287109375 0.16346388351920638 1.6560500884768548 1.9074147220715112
205 3.7253341674804688 0.16336793057291743 1.6546905263940923 1.907275752214348
206 3.723728656768799 0.1633353328508349 1.653882755296225 1.9065105643531624
207 3.722072124481201 0.16319841974899418 1.6534837766810009 1.905389661388269
208 3.7203845977783203 0.16291355021235177 1.6532467189454356 1.904224405412748
209 3.718794822692871 0.16258577879484903 1.6531246152032284 1.903084398187147
210 3.7172882556915283 0.16234430295961744 1.6532224423069617 1.90172127848178
211 3.7157533168792725 0.1622296321593879 1.6532110116045267 1.900312709991745
212 3.714256525039673 0.1620822047151762 1.652537819334796 1.8996362728820912
213 3.7128005027770996 0.1620523153945932 1.6511184894179027 1.899629595256446
214 3.711388349533081 0.16224557120995442 1.6488561140742484 1.9002863936059704
215 3.709963083267212 0.16253948658279782 1.6463589416344688 1.9010648220145328
216 3.7085723876953125 0.1627812470857755 1.6434496496104112 1.9023413505552778
217 3.707174301147461 0.16293525879409465 1.6405609732228905 1.9036778307321836
218 3.7058043479919434 0.1630247174994821 1.6384704944340396 1.9043090891251673
219 3.704456329345703 0.16321105902911626 1.6370658549752286 1.9041793245539598
220 3.7031490802764893 0.1632444980385941 1.6345865187244741 1.90531797154468
221 3.701904058456421 0.1632403534990523 1.6319782248584345 1.9066855694353237
222 3.7006101608276367 0.1634167200415746 1.630542842909736 1.9066509363129587
223 3.6993160247802734 0.1636172707574275 1.6296242032047044 1.9060745924239058
224 3.697953462600708 0.1635066965988301 1.6272825091936358 1.9071640611503682
225 3.696444511413574 0.1633256979391362 1.625818015755536 1.907300610197975
226 3.694812297821045 0.16320464409041335 1.6259360056905159 1.9056714643637491
227 3.6931653022766113 0.16311665783864937 1.626518691521714 1.903530072906093
228 3.691582679748535 0.16295448773763077 1.6259544721330443 1.9026735904226264
229 3.690072774887085 0.16278038375696013 1.624606553221068 1.9026858074352049
230 3.6886351108551025 0.1626030848525204 1.6240200361453052 1.9020121648237458
231 3.6872034072875977 0.16254171528827754 1.6242553722821325 1.9004063474498523
232 3.685837507247925 0.1624279183673707 1.6237690044915487 1.8996404823216555
233 3.68449068069458 0.16208126987217497 1.6225886372919867 1.899820748883298
234 3.6830179691314697 0.16165262254966706 1.622131613245045 1.899234041089152
235 3.6814815998077393 0.1613466607397811 1.622571841196047 1.8975630128931007
236 3.679870128631592 0.16107574860757268 1.6234773235464206 1.8953170001239386
237 3.6781997680664062 0.16077473623539618 1.6237854455548009 1.893639553570658
238 3.676541566848755 0.16039563137303503 1.6237392909694934 1.8924065092872198
239 3.6749486923217773 0.1600368217272603 1.6233319495598102 1.8915795440548562
240 3.673309087753296 0.15972657254422984 1.62360154435739 1.8899811877905277
241 3.6716067790985107 0.15953444428356534 1.6240285118893265 1.888044001449586
242 3.6699163913726807 0.1594306769911782 1.6232794904413166 1.8872061356898637
243 3.6683642864227295 0.15923403723536467 1.6217666396029458 1.8873635637650994
244 3.666801929473877 0.15906584307691674 1.6209659708754642 1.8867703188044023
245 3.6652772426605225 0.15880244131744803 1.6211516995695698 1.8853232918001215
246 3.6637637615203857 0.15838031999089708 1.6214950789686176 1.8838882681995
247 3.662266254425049 0.1579772339290173 1.6219419604931509 1.8823469973500297
248 3.66082501411438 0.15770499851221587 1.6224567726796555 1.8806633797645884
249 3.6594605445861816 0.15755118544827162 1.6222085916530986 1.8797010937607475
250 3.6581010818481445 0.15736179964068242 1.6214285487065512 1.879310593698369
251 3.6567907333374023 0.15707176755667973 1.6211024130782268 1.878616601318969
252 3.6555707454681396 0.156727053759262 1.6217996148427984 1.877044409740793
253 3.654366970062256 0.15647363520791302 1.62281142301739 1.8750818457842477
254 3.653259515762329 0.15630879199049907 1.6229356967469606 1.874015174310566
255 3.6522204875946045 0.1562453933574215 1.621907704196916 1.87406731486149
256 3.651195764541626 0.15632928160311768 1.6204879901328688 1.874378746834719
257 3.650177240371704 0.1564182430951071 1.619650155855482 1.874108719665248
258 3.6491332054138184 0.15634400097555812 1.6196872673614673 1.8731022001437267
259 3.648050308227539 0.15619284217252272 1.619687957287961 1.8721696091721896
260 3.646949529647827 0.15608859775317185 1.6191326446205703 1.871728303828199
261 3.6458675861358643 0.15608751491551054 1.618127523012403 1.8716526040888475
262 3.6447601318359375 0.1561599065808357 1.6168617911474523 1.8717384147307452
263 3.643625497817993 0.1562607671846541 1.6153650642383375 1.871999621006018
264 3.6424713134765625 0.15634790887774308 1.6137158449737563 1.8724075319255666
265 3.6413111686706543 0.15640559912827712 1.6123757405982704 1.872530015287583
266 3.6401472091674805 0.1563843146628443 1.6113333381867794 1.8724293913674508
267 3.6389589309692383 0.15620969302761978 1.6108902867615673 1.8718590381657902
268 3.6377816200256348 0.1559532013082503 1.610981909748499 1.8708463021554635
269 3.636606454849243 0.1557038575354568 1.6114200640547736 1.869482709387165
270 3.635444402694702 0.1554450307011166 1.6122630230506942 1.867736414159521
271 3.6343724727630615 0.1551640795489675 1.6131631959587038 1.866045185954711
272 3.633370876312256 0.15481246261799697 1.6140231310173112 1.8645352648620062
273 3.6324191093444824 0.1544429825228235 1.6144406524889012 1.8635355482497857
274 3.6313905715942383 0.1541353343686751 1.6151223945299982 1.8621329375603577
275 3.6303606033325195 0.1539696292516055 1.6155082991476086 1.860882622176813
276 3.62929630279541 0.15391306662934312 1.6147812690182173 1.8606021424304195
277 3.6281654834747314 0.15391986480005926 1.6133360095881009 1.8609093483078185
278 3.627086639404297 0.15394159333027346 1.6118596100006009 1.861285476934857
279 3.6260082721710205 0.1539715209150927 1.6107740190645214 1.8612625085789765
280 3.6249101161956787 0.15401340247740336 1.6098325768266093 1.861063928667431
281 3.6238794326782227 0.15400676776596356 1.607617037688402 1.8622554638857256
282 3.6229424476623535 0.1540619385438049 1.6054280747073948 1.8634526574471053
283 3.621995210647583 0.1543605033024278 1.603031595578853 1.8646028420368452
284 3.62105393409729 0.1547457501538929 1.6003349509135802 1.8659729621775583
285 3.6201415061950684 0.15502154090938802 1.5976220145560396 1.8674979314784896
286 3.6192431449890137 0.15498536795593054 1.595634057818629 1.8686235002131932
287 3.6183791160583496 0.15480440673087514 1.5957540486319959 1.8678207273926797
288 3.6175668239593506 0.15451331747715358 1.5973854891027022 1.8656682462128455
289 3.6167666912078857 0.15398211545800677 1.5984016267100478 1.8643830454783332
290 3.6160004138946533 0.1535148536294173 1.5992285674168998 1.8632571241695501
291 3.6152257919311523 0.1532750886192389 1.6006758259455016 1.8612747067331772
292 3.6144402027130127 0.15317873626975143 1.6020387009240225 1.8592228568238438
293 3.6136186122894287 0.15304727551324504 1.6020453106183234 1.8585261540779996
294 3.6127829551696777 0.15304050821561077 1.6021958932989786 1.8575465224027774
295 3.6119253635406494 0.15279124061643756 1.600889241879495 1.8582447946004503
296 3.61112904548645 0.1526308422655802 1.5993501621907606 1.8591481858893073
297 3.6103413105010986 0.15295979173740193 1.5995573349586065 1.8578243792514044
298 3.6095595359802246 0.15315727505438304 1.5976025334175001 1.8587994716007934
299 3.608776569366455 0.15319154988000605 1.593615918655643 1.8619694795198338
300 3.6079788208007812 0.15339683837812856 1.592572441577268 1.8620092951984688
301 3.607180595397949 0.1534967203263875 1.5927049642644215 1.8609788831944911
302 3.606394052505493 0.15338232261748885 1.5919227861257705 1.8610891827564302
303 3.6056365966796875 0.15346075487008015 1.5922556007641415 1.8599203262913857
304 3.60491943359375 0.15359498734757682 1.5920943069017979 1.8592298424908258
305 3.6041431427001953 0.1534793503776264 1.5904667596976956 1.8601969559126044
306 3.6033506393432617 0.15327516940826458 1.5895875409825397 1.8604882271154355
307 3.602494239807129 0.1533736463118096 1.5913697437859127 1.8577508854515088
308 3.6016712188720703 0.1534066887043366 1.591562581269318 1.856701979912165
309 3.6008598804473877 0.15329964840754684 1.5895954039909728 1.8579648739472336
310 3.600048303604126 0.15324011159631823 1.5880685885449242 1.8587394906697248
311 3.599222183227539 0.1533450943474577 1.588481163597141 1.8573960521051447
312 3.5983917713165283 0.15344347242682943 1.5892530286107387 1.8556953537940188
313 3.5975871086120605 0.1533218131452827 1.5885044013611531 1.8557607027531642
314 3.5968260765075684 0.15294683839212553 1.587004870957115 1.8568744034583968
315 3.596046209335327 0.15262008831143703 1.5872677921989984 1.8561580861037261
316 3.5951883792877197 0.15245504620202155 1.5894729806667531 1.8532606025543363
317 3.5943102836608887 0.1522875616441297 1.5900815595627416 1.8519413417099644
318 3.59340763092041 0.15210883698188127 1.5886768025321025 1.8526217710724193
319 3.5925002098083496 0.15194782179679578 1.587197525116493 1.853354882090349
320 3.591506242752075 0.1518951383081344 1.5873244308980565 1.8522865800983197
321 3.5904970169067383 0.15173567096718443 1.5875777292504358 1.8511835864209583
322 3.5894718170166016 0.15146464455642672 1.5867979685129852 1.8512094861470283
323 3.5883681774139404 0.1512993221018064 1.5859196965389244 1.8511490400709367
324 3.5872268676757812 0.1512683083902857 1.5853237265575566 1.8506344692327348
325 3.5861010551452637 0.1512173196367712 1.5851542049927168 1.8497294989495536
326 3.585038661956787 0.15106100377977327 1.5845740169435516 1.8494038619674829
327 3.584031581878662 0.15077282701975037 1.5843620213385867 1.848896831568041
328 3.583050489425659 0.1504871461129369 1.5851949356992523 1.8473684384110456
329 3.582110643386841 0.150142278443127 1.5861954372527947 1.8457730230944591
330 3.5811550617218018 0.14979208129625476 1.587349122694071 1.8440138651091686
331 3.580192804336548 0.14948399362504006 1.5884097965521593 1.8422992914048706
332 3.579270839691162 0.14929614622599274 1.5899608929548603 1.840013792337075
333 3.5783753395080566 0.14911960299468774 1.5914460441181166 1.8378095750627708
334 3.5774941444396973 0.1489231609847934 1.5918454343951942 1.8367257851934937
335 3.5766615867614746 0.14867625371647364 1.591564066798636 1.8364213569860937
336 3.5758919715881348 0.14852661894536823 1.5916490667373981 1.8357160965524075
337 3.5751101970672607 0.14848408378503564 1.5918741767523543 1.8347519276789903
338 3.574361562728882 0.14855143553114658 1.5907978824192615 1.835012292445196
339 3.573631763458252 0.14857029428259239 1.5891495015254855 1.8359119697821384
340 3.572796583175659 0.1485342594494341 1.5884935441325332 1.8357684951447841
341 3.571991443634033 0.14854061200412616 1.5890271433861933 1.8344240846568014
342 3.57127046585083 0.14859000572049297 1.5891465280171642 1.8335338778845456
343 3.570528984069824 0.14866715842346423 1.5876887078861412 1.8341727550391322
344 3.5698013305664062 0.14869361597510533 1.585240015141971 1.8358676476503006
345 3.5691051483154297 0.1488347727746202 1.583347363716547 1.836922970604256
346 3.568408250808716 0.14906411502666472 1.5820416783251299 1.8373025920279673
347 3.5677740573883057 0.14923367170487722 1.5802491598195016 1.8382912288408093
348 3.5671441555023193 0.14932115323279982 1.5781811778482924 1.839642003751898
349 3.566570520401001 0.14938879003309147 1.5765714379514404 1.8406105084412374
350 3.5660581588745117 0.1495301296489795 1.5755225610445662 1.8410055157530594
351 3.565560817718506 0.1494905019294538 1.5748921542472007 1.8411780665831456
352 3.5650832653045654 0.1493182890285678 1.5748066119342254 1.840958334606619
353 3.564663887023926 0.1491959844955879 1.5754042557241106 1.8400633906388535
354 3.564279794692993 0.1492665865206888 1.5754088059497713 1.8396044378953178
355 3.5638747215270996 0.14943824602698896 1.5739303058863512 1.8405061148782522
356 3.5634918212890625 0.14958830614659746 1.572034131222578 1.8418696366751917
357 3.563131809234619 0.14970628214815918 1.570596744793598 1.8428289331579508
358 3.5627005100250244 0.14984986735024108 1.5694494131514385 1.8434012979401633
359 3.5622336864471436 0.15004742792464754 1.5676542216353295 1.844531966407768
360 3.5617592334747314 0.1503097933739923 1.5650125704207012 1.8464369436125452
361 3.561310291290283 0.1505538835358493 1.5625930025651436 1.848163345940911
362 3.560866355895996 0.15057567578048747 1.5616153472255545 1.8486750854681873
363 3.560399293899536 0.15041447075395808 1.5623967004160921 1.84758821043188
364 3.559889316558838 0.15004986296105471 1.5644898125638287 1.8453495437434526
365 3.5593981742858887 0.1496633080380434 1.5668824126545546 1.8428525133671485
366 3.5589237213134766 0.14951057968573878 1.568911557082228 1.840501317364584
367 3.558467388153076 0.14939673801313802 1.570087309111382 1.8389832985176326
368 3.557990074157715 0.14911132204383648 1.5704871862231378 1.8383917002030472
369 3.55745792388916 0.14883404572071868 1.5712959200854224 1.837327800946042
370 3.5569512844085693 0.14876939282589774 1.5716643554330696 1.836517502815532
371 3.5565171241760254 0.14885515106425373 1.5707396742747668 1.8369223851848542
372 3.5561091899871826 0.14892411803566574 1.5692635903337564 1.8379215919660767
373 3.5557122230529785 0.1488504558215027 1.567755137533202 1.839106649666336
374 3.555305004119873 0.14881840356702014 1.5684208162302304 1.8380659053899226
375 3.5549092292785645 0.14857433744236914 1.569723451999074 1.8366116517423228
376 3.55452823638916 0.14820298809627275 1.5705653824468389 1.8357599167157739
377 3.554194450378418 0.1478906206798456 1.5712380189987085 1.8350657120605938
378 3.553863048553467 0.14771822472494023 1.5723913735669761 1.8337537785322269
379 3.5535192489624023 0.14758519749420884 1.5732359735822072 1.8326981464762895
380 3.5531725883483887 0.14726092500086452 1.5733712372873354 1.8325406188039963
381 3.5528621673583984 0.1470638279524792 1.5740690796604864 1.8317291409305376
382 3.5525550842285156 0.146942962383946 1.5749221944669494 1.8306900914066202
383 3.55224347114563 0.14683211757028403 1.5746726314995498 1.8307388598701193
384 3.551927328109741 0.14652861975991982 1.5741663695397992 1.831232240562995
385 3.5515847206115723 0.14633338653220562 1.5754766292461728 1.8297749399688077
386 3.5512449741363525 0.14629692726975918 1.5776409559288038 1.827307442699741
387 3.550917148590088 0.14616497279575924 1.5776459811607366 1.8271060763036786
388 3.5505897998809814 0.1458819454692275 1.5765404140255752 1.828167263296745
389 3.550248384475708 0.14569547971132124 1.5769604513542474 1.8275924992044068
390 3.549896001815796 0.14570184654758123 1.57839893711259 1.8257951887322434
391 3.5495145320892334 0.1457065183371924 1.5779428417677244 1.8258648065272354
392 3.5491199493408203 0.14564046463874547 1.5755448841430166 1.8279344744415535
393 3.54876446723938 0.1456648136304466 1.574632491052299 1.8284673188235514
394 3.5484280586242676 0.14567050131836368 1.5751657555717942 1.8275915744289284
395 3.5480825901031494 0.1455020382031762 1.5753992468770663 1.8271813577253155
396 3.547713041305542 0.14523185032430774 1.574988806939807 1.8274923983266476
397 3.5473451614379883 0.14493810271051188 1.5747011049645412 1.8277059876981312
398 3.5469648838043213 0.14503319805226056 1.5761703714109774 1.8257612868184214
399 3.546605110168457 0.14508466214010696 1.576940693616684 1.8245795258420456
400 3.546224594116211 0.14475348572977964 1.5760244038212203 1.8254465734121155
