0 2.9056196212768555
1 29.911043167114258
2 10.679428100585938
3 3.1756505966186523
4 7.613706588745117
5 7.686907768249512
6 4.350162029266357
7 12.14167594909668
8 10.590885162353516
9 13.326154708862305
10 15.400885581970215
11 14.135772705078125
12 11.526378631591797
13 10.468134880065918
14 11.606715202331543
15 2.425823211669922
16 2.8386223316192627
17 2.923546314239502
18 2.615811824798584
19 2.2581582069396973
20 11.330175399780273
21 10.508646011352539
22 10.712837219238281
23 11.439529418945312
24 11.662938117980957
25 11.140337944030762
26 10.550300598144531
27 10.539257049560547
28 10.967225074768066
29 11.191330909729004
30 10.929488182067871
31 10.543867111206055
32 10.491151809692383
33 10.745729446411133
34 10.903260231018066
35 10.75195598602295
36 10.51136302947998
37 10.481621742248535
38 10.643362045288086
39 10.731245040893555
40 10.62318229675293
41 10.479994773864746
42 10.484697341918945
43 10.591425895690918
44 10.623397827148438
45 10.537548065185547
46 10.462934494018555
47 10.492535591125488
48 10.557427406311035
49 10.55053997039795
50 10.486742973327637
51 10.461623191833496
52 10.4989595413208
53 10.527118682861328
54 10.500638008117676
55 10.463945388793945
56 10.469840049743652
57 10.49796199798584
58 10.497746467590332
59 10.471212387084961
60 10.461194038391113
61 10.477729797363281
62 10.487611770629883
63 10.474075317382812
64 10.460801124572754
65 10.467205047607422
