0 447.719482421875 4.729395918548107 421.8654974102974 21.124586325138807
1 193.78463745117188 1.0048792731249705 188.32889542728662 4.450864207698437
2 51.181884765625 1.376585875512319 43.83846448375489 5.966834982917108
3 82.12493896484375 7.215681150555611 74.4626044879376 0.4466525483876467
4 70.94194793701172 7.270024784840643 63.43874070914455 0.23318987619131804
5 29.983800888061523 4.881864344701171 24.986640863328 0.11529755406081676
6 7.289048194885254 2.890405895188451 4.047962995994945 0.35067817755043507
7 11.138320922851562 1.770103169605136 1.3849935258226747 7.983225412666798
8 11.528976440429688 1.1957306605763733 4.932105940108158 5.401140347123146
9 12.232125282287598 1.0134319104254246 6.549468815559521 4.669224930461496
10 11.695720672607422 1.0906454650685191 5.619542214873945 4.9855333073064685
11 10.787775993347168 1.285997892729938 3.686842617469665 5.814934736117721
12 10.361103057861328 1.5179119734093547 1.9715887337542881 6.871602198109031
13 10.551887512207031 1.7527080103754997 0.8574553716396809 7.9417245499789715
14 11.095640182495117 1.965441133826971 0.2811723675789328 8.84902591817081
15 11.607840538024902 2.132539588958025 0.06002945936155568 9.415270365774632
16 12.096707344055176 2.238762278109789 0.00794342376827964 9.850001115351915
17 2.2768988609313965 2.273078352212906 0.0038207162549497298 0.0
18 2.3173906803131104 2.303433060646057 0.013957035762359737 0.0
19 2.335575580596924 2.3157345354557037 0.01984205500320968 0.0
20 2.3275740146636963 2.310405433177948 0.017167816927212698 0.0
21 2.2977917194366455 2.2893262207508087 0.008465645082651463 0.0
22 2.2564101219177246 2.2555616796016693 0.0008488996371625035 0.0
23 12.13448715209961 2.2129856050014496 0.0025827221082863616 9.918917622417212
24 11.665005683898926 2.117998033761978 0.05383429685025476 9.493169758468866
25 11.129622459411621 1.9863649308681488 0.2400877766922349 8.903171386569738
26 10.698131561279297 1.8361459970474243 0.6321140847285278 8.229868665337563
27 10.480262756347656 1.684819832444191 1.243838976661209 7.551603177562356
28 10.496238708496094 1.547132894396782 2.014636886306107 6.93447065167129
29 10.682337760925293 1.4339609742164612 2.821158031001687 6.427217938005924
30 10.925493240356445 1.3521191477775574 3.512983712134883 6.060391180217266
31 11.111198425292969 1.3048413842916489 3.9578723011072725 5.848485490307212
32 11.165533065795898 1.2924749255180359 4.080003423150629 5.793057255446911
33 11.076476097106934 1.3130489736795425 3.8781549246050417 5.885273078456521
34 10.889103889465332 1.3625492304563522 3.4194133430719376 6.107140300795436
35 10.679947853088379 1.4349636882543564 2.81326889351476 6.431712245568633
36 10.522941589355469 1.5223525166511536 2.1771837340202183 6.82340145856142
37 10.461112022399902 1.615201249718666 1.6063502378528938 7.2395627442747355
38 10.494210243225098 1.7032415866851807 1.1567959724925458 7.634172111749649
39 10.585062980651855 1.776689738035202 0.8449956124240998 7.963377218693495
40 10.679901123046875 1.8276586532592773 0.6604135273664724 8.191827178001404
41 10.732566833496094 1.851383537054062 0.5830172257265076 8.298165496438742
42 10.722247123718262 1.8469166457653046 0.5971838215191383 8.278144251555204
43 10.658209800720215 1.817114144563675 0.6965308597136755 8.144565183669329
44 10.571328163146973 1.7679257690906525 0.8793091482948512 7.92409585788846
45 10.497693061828613 1.7072159349918365 1.1384921256103553 7.6519857086241245
46 10.462363243103027 1.6434306800365448 1.452841738355346 7.366091083735228
47 10.47021198272705 1.5843934267759323 1.7843396175885573 7.1014776807278395
48 10.506828308105469 1.5364340096712112 2.083880685386248 6.886516721919179
49 10.547813415527344 1.5039013475179672 2.30321062495932 6.7407006826251745
50 10.571066856384277 1.4890046864748 2.408133379649371 6.673931719735265
51 10.56637954711914 1.491865336894989 2.387762987636961 6.686753563582897
52 10.538138389587402 1.510702446103096 2.256254486856051 6.771184178069234
53 10.501049041748047 1.5421010702848434 2.0470282732276246 6.911917297169566
54 10.471698760986328 1.5813793390989304 1.8023497407557443 7.087968109175563
55 10.460552215576172 1.623111143708229 1.5624236970325 7.275016019120812
56 10.467973709106445 1.6617764979600906 1.3578768237493932 7.448319660499692
57 10.485629081726074 1.6924905478954315 1.207153305877 7.585984420031309
58 10.501824378967285 1.7116997241973877 1.118042010057252 7.67208269238472
59 10.507651329040527 1.71766896545887 1.091145485988818 7.698837684467435
60 10.500846862792969 1.7106640487909317 1.1227461099042557 7.667440647259355
61 10.48585033416748 1.6927870959043503 1.2057484866818413 7.587313590571284
62 10.470486640930176 1.6675037443637848 1.328992347989697 7.473989997059107
63 10.461567878723145 1.6389989405870438 1.476344361435622 7.346227394416928
64 10.461628913879395 1.6114951819181442 1.627179142960813 7.222951618954539
65 10.468291282653809 1.5886505544185638 1.7590822547208518 7.120558734983206
66 10.476314544677734 1.573138788342476 1.8521426396910101 7.051032783463597
67 10.480693817138672 1.5663982927799225 1.8934762134449556 7.020820919424295
68 10.479220390319824 1.5685700923204422 1.8800978636136279 7.030555235221982
69 10.47316837310791 1.5785928517580032 1.8190974375465885 7.075478674843907
70 10.466034889221191 1.5944129526615143 1.7252367350738496 7.146386627107859
71 10.46135425567627 1.6133116036653519 1.6169504894060083 7.231093080714345
72 10.460795402526855 1.6323067396879196 1.5122552961111069 7.316231993958354
73 10.463566780090332 1.6485975831747055 1.425717344682198 7.389249881729484
74 10.467257499694824 1.6599726974964142 1.3670489349169657 7.440234769135714
75 10.469400405883789 1.6651263535022736 1.3409371123998426 7.463334191590548
76 10.468825340270996 1.6638074815273285 1.3475930006825365 7.457422818988562
77 10.466079711914062 1.6567847281694412 1.3833466457435861 7.425945835188031
78 10.462845802307129 1.645653173327446 1.4411377883516252 7.376052616164088
79 10.460809707641602 1.6325030475854874 1.511193822370842 7.317111873999238
80 10.460711479187012 1.6195450574159622 1.582138321828097 7.2590323109179735
81 10.462100982666016 1.6087558418512344 1.6426744815544225 7.210673505440354
82 10.46376895904541 1.6015952974557877 1.6835945408092812 7.178578922525048
83 10.464569091796875 1.598838433623314 1.6995057568419725 7.1662222649902105
84 10.464071273803711 1.6005190461874008 1.6897963336668909 7.173755010589957
85 10.462678909301758 1.6059817671775818 1.6584568659891374 7.198239706456661
