0 415.76171875 23.815486773848534 391.94626489141956 0.0
1 81.4360122680664 8.152219509705901 70.77701289472259 2.5067851692438126
2 55.419376373291016 1.9798045655752503 48.15878854438763 5.280779479389139
3 79.71353912353516 0.6767181467634629 75.95045529309209 3.0863686471097074
4 72.8957290649414 0.3498811394903072 70.95389054017141 1.5919659066404397
5 50.89220428466797 0.3141792378389141 49.30302499816753 1.2750048152147144
6 31.138530731201172 0.45846800843719393 28.74722191807814 1.9328378876816714
7 18.903583526611328 0.7015969734638929 14.98212967322695 3.219856444047764
8 13.22540283203125 1.001744743436575 7.441383370986034 4.782273795455694
9 11.210490226745605 1.3428322030231357 4.148190901573642 5.71946684550494
10 10.884787559509277 1.6790029052644968 3.3372001957594044 5.868583839386702
11 11.660839080810547 1.9566151350736618 3.6505058325697446 6.053718313574791
12 12.278257369995117 2.130396308377385 4.0273875220838695 6.120473189279437
13 12.185928344726562 2.176890777423978 3.819128275414044 6.1899091666564345
14 8.320712089538574 2.0986068146303296 2.9448191524828053 3.2772868061438203
15 10.561842918395996 1.9348525740206242 1.8479425428207623 6.7790473010391
16 9.236785888671875 1.7024262296035886 1.039117144757226 6.495242288336158
17 8.683428764343262 1.447868739720434 1.0644644526490574 6.171095080208033
18 9.143030166625977 1.2136562741361558 2.123262415199985 5.806111794896424
19 9.900819778442383 1.029077877290547 3.950666518806429 4.921075191989075
20 11.137890815734863 0.9092609692015685 5.880434594018425 4.348195166780961
21 12.097846984863281 0.8540450289274304 7.158707783793147 4.085094744917954
22 12.270822525024414 0.8562634739796806 7.317060968970395 4.097498396586032
23 11.640924453735352 0.9088319243951446 6.380273848729949 4.3518182937516485
24 10.623106002807617 1.005507665759069 4.798893936565589 4.818704296169013
25 9.759535789489746 1.1363269434659742 3.172531332008667 5.450677062570321
26 9.375886917114258 1.2828540726331994 1.9512561828415473 6.141777020151494
27 8.213658332824707 1.4184553022496402 1.2784143365008982 5.51678982807789
28 4.549777984619141 1.5207455870695412 1.0277226644573187 2.0013097680639476
29 4.764135360717773 1.586977741215378 1.0030940035969822 2.174063968239352
30 4.869937419891357 1.6026894762180746 1.043665519108194 2.22358300187625
31 4.764076232910156 1.5645327810198069 1.051478927430136 2.148064486682415
32 8.097528457641602 1.480668087489903 1.0342957190876798 5.58256532647647
33 7.925259590148926 1.3503115100320429 1.0850938663820253 5.489854314131662
34 7.940890789031982 1.1995671279728413 1.3637252908891178 5.377598319086246
35 8.05968189239502 1.053690307540819 1.9434192821112035 5.062571767193731
36 8.239424705505371 0.9322203174233437 2.732230306868078 4.574973950308049
37 8.492818832397461 0.8463869366096333 3.488911964217763 4.157519765663892
38 8.67562484741211 0.7996119095478207 3.9450072759098855 3.931006021637586
39 8.633747100830078 0.7906495280039962 3.951253661971935 3.8918432712671347
40 8.386165618896484 0.8161932758521289 3.5462315916734615 4.023741118668113
41 8.084861755371094 0.8708419946487993 2.915808006727179 4.298212421243079
42 7.863946914672852 0.9454038924304768 2.2793549088601055 4.63918785774149
43 7.7993316650390625 1.0264030573889613 1.7855384477060512 4.98739051586017
44 7.816044807434082 1.0978872356936336 1.4729712545267435 5.245186333544552
45 7.864826679229736 1.1456371832173318 1.3037850208060682 5.4154046000912786
46 7.871720314025879 1.1611048632767051 1.2278319853810977 5.482782436767593
47 7.818561553955078 1.1437429895158857 1.2285606516410106 5.446257755160332
48 7.757608413696289 1.1006066652480513 1.3239709594780362 5.33303068112582
49 7.655384540557861 1.0435227637644857 1.532546402491038 5.079315664013848
50 7.638339042663574 0.9860670233611017 1.8309118673049798 4.821360700880177
51 7.668983459472656 0.9396015200763941 2.1423609438026214 4.58702083863318
52 7.717954635620117 0.9115834770491347 2.362898941605775 4.443472256185487
53 7.724336624145508 0.905135674518533 2.4128878978912685 4.406312930863351
54 7.668787002563477 0.9195660401601344 2.2766923482884103 4.472528473124839
55 7.5810675621032715 0.9510470671812072 2.006805745052622 4.623215244966559
56 7.510640621185303 0.9929218692705035 1.6919526563901088 4.825766079011373
57 7.4870734214782715 1.0363689211662859 1.413794503230178 5.036910493741743
58 7.501302242279053 1.071960399625823 1.218600287108642 5.21074152411893
59 7.518246650695801 1.0918423163238913 1.1172173428832017 5.309186911676079
60 7.489891529083252 1.0919945081695914 1.1021578244534185 5.295739451190457
61 7.461991310119629 1.0734265341889113 1.1637299317201706 5.224834407679737
62 7.406112194061279 1.041350221610628 1.2932893818615219 5.071472206269391
63 7.366182804107666 1.003604686469771 1.472400200184532 4.890177723253146
64 7.352878093719482 0.9682022182969376 1.6645504495647696 4.720126536907628
65 7.354501724243164 0.9413623991422355 1.821041616225418 4.592098206165247
66 7.350003242492676 0.9265913459239528 1.8994037120864316 4.524007505970076
67 7.327910900115967 0.9246601735940203 1.883160797768259 4.520089616533369
68 7.294561862945557 0.9337840668158606 1.7892348805520375 4.571543993894011
69 7.266214847564697 0.9500919504789636 1.6572212747776143 4.658901785267517
70 7.253196716308594 0.9683192296652123 1.5291547690571548 4.755722509580664
71 7.252161979675293 0.9829409453086555 1.4350306559775239 4.834190739085898
72 7.250838279724121 0.9896437517600134 1.3884441989401886 4.872749954229221
73 7.239988327026367 0.9865570716792718 1.3915737565798603 4.861857436946593
74 7.220388412475586 0.974690173054114 1.4393664297295359 4.806332399719395
75 7.200323581695557 0.9573694084538147 1.5203681303055459 4.7225858515594155
76 7.187075614929199 0.9390034400857985 1.6155270257002912 4.632545351516455
77 7.181148052215576 0.9237934051197954 1.699886672019424 4.557468214537948
78 7.176765441894531 0.9147178027778864 1.7491533874824037 4.512893810984679
79 7.1682000160217285 0.9130256247590296 1.7493970968991477 4.505776800448075
80 7.154599666595459 0.9182040823507123 1.7025604615842245 4.53383441187907
81 7.140148162841797 0.9282567054033279 1.6248224936340414 4.587068680208176
82 7.129304885864258 0.9401648548664525 1.5391362016623948 4.6500042682746425
83 7.122684478759766 0.9506203572964296 1.4664264105304252 4.705637632578146
84 7.11684513092041 0.9568772552302107 1.4201369441373264 4.739830489037558
85 7.108278274536133 0.9574921682942659 1.4057182530489274 4.745067834097426
86 7.096455097198486 0.9526444241055287 1.4215255211899278 4.722285725700203
87 7.083846092224121 0.9439620707998984 1.4600861946973125 4.67979802103946
88 7.073122978210449 0.9339114027097821 1.5089110081589645 4.630300741526298
89 7.064647674560547 0.9250395083799958 1.5526454913799272 4.586963019159157
90 7.056635856628418 0.9192943855887279 1.5775303199091266 4.5598113219602965
91 7.047092914581299 0.917610261705704 1.5758165037486935 4.5536664262763225
92 7.035963535308838 0.9198947483673692 1.5479497109954972 4.568119220959488
93 7.024807929992676 0.9249441505526192 1.502987400378845 4.59687669511186
94 7.014926910400391 0.9308766959002241 1.453994045247106 4.630056148045696
95 7.0062971115112305 0.9356661214842461 1.4134784168235692 4.657152008789126
96 6.997739791870117 0.9377353611052968 1.3899408527701609 4.670063705649227
97 6.9881744384765625 0.936415197676979 1.3864237225165188 4.66533557837829
98 6.977743148803711 0.9321099903900176 1.400594136445724 4.645039169176016
99 6.967419147491455 0.9260934253106825 1.425598433137564 4.615727575495839
100 6.957967281341553 0.9200337618240155 1.4518325344578036 4.5861010127700865
101 6.949121475219727 0.9154648470575921 1.4694806024981184 4.564175679231994
102 6.94002628326416 0.9133571969578043 1.4715331160563268 4.555135833506938
103 6.930230617523193 0.913909254304599 1.4561880435884447 4.560133208578918
104 6.920097351074219 0.9165582293644547 1.42724859965949 4.576291073288303
105 6.91025972366333 0.920163402450271 1.3923977875772842 4.597698714234866
106 6.900938510894775 0.9233798472560011 1.3602629857628692 4.617296103038825
107 6.891773223876953 0.9250567518174648 1.3376939916746426 4.629022132779937
108 6.882297992706299 0.9245874419575557 1.3280689886307904 4.629641833831556
109 6.8724846839904785 0.922072385030333 1.3307908465901028 4.619621199730318
110 6.8627166748046875 0.9182334860088304 1.3417840619524866 4.6026988689554855
111 6.853260040283203 0.914125508395955 1.354761794773304 4.584371998149436
112 6.844030380249023 0.910766635381151 1.3632180404731722 4.570045665255748
113 6.834724426269531 0.9088136718492024 1.3626805434915545 4.563229788502213
114 6.825206279754639 0.9083984585013241 1.3521520643427414 4.564655162219424
115 6.815633296966553 0.9091350201051682 1.3342524943733416 4.572245454415679
116 6.806232452392578 0.9102873480296694 1.313897280169597 4.582047492091078
117 6.797036647796631 0.9110329020186327 1.2963550004559274 4.589648783265147
118 6.787872791290283 0.910750164068304 1.2854318502693423 4.591691060690209
119 6.778606414794922 0.9092278951429762 1.282366387307574 4.587012096133549
120 6.769297122955322 0.9067111478070728 1.2856730124985067 4.576912856689887
121 6.760097980499268 0.9037816785858013 1.2917775100367057 4.564538886363152
122 6.751055717468262 0.9011224572604988 1.2963200857319248 4.5536130917898845
123 6.742067337036133 0.8992676523339469 1.295717947633562 4.547081719530979
124 6.733037948608398 0.8984362805204 1.2884298831068524 4.546172012429452
125 6.72400426864624 0.8984890494321007 1.2753822151773666 4.550132311152993
126 6.7150750160217285 0.8990027894615196 1.259429709489336 4.5566421439289115
127 6.7062788009643555 0.8994365573162213 1.244161076929144 4.562681104522198
128 6.697553634643555 0.8993376900907606 1.2325120856330052 4.565703045664122
129 6.68882942199707 0.8985051471099723 1.2257648668682317 4.5645596501999535
130 6.6801300048828125 0.8970512904052157 1.2232244663872023 4.559854596736841
131 6.671523094177246 0.8953251817438286 1.2226569762934822 4.55354066324071
132 6.6630401611328125 0.893757461279165 1.2212265973247975 4.5480558097187895
133 6.65464448928833 0.892676590825431 1.216653319213686 4.545314604474697
134 6.646290302276611 0.89218390735914 1.2081381810340412 4.545968360936968
135 6.637997150421143 0.8921376026119106 1.1965893117427766 4.54927063791547
136 6.6298089027404785 0.8922209736483637 1.1841403719804353 4.55344696805696
137 6.621725559234619 0.8920754494029097 1.1732011603188182 4.556448998948326
138 6.61372184753418 0.8914472258766182 1.1654730592249574 4.556802295846865
139 6.605784893035889 0.8902855212218128 1.1613299569316635 4.554169162205653
140 6.597923755645752 0.888749962876318 1.1597506892752418 4.54942379280692
141 6.590173721313477 0.8871316982258577 1.1588506118643915 4.544191297638463
142 6.5825300216674805 0.8857259446522221 1.156632231551507 4.540172306034947
143 6.5749688148498535 0.884715157590108 1.1518353067273965 4.538418588010245
144 6.567493915557861 0.8841089436609764 1.1444016613626278 4.538983447229839
145 6.560124397277832 0.8837584394204896 1.1353872429128193 4.540978630408063
146 6.55287504196167 0.8834356695297174 1.1263949755150904 4.543044427249697
147 6.545734405517578 0.8829392385232495 1.1188178669175861 4.543976879329421
148 6.538690567016602 0.8821853303234093 1.1132329878438325 4.54327181293047
149 6.5317487716674805 0.8812320590950549 1.1092317984682993 4.5412853622983675
150 6.524921894073486 0.8802357101958478 1.1056978402618611 4.538988501386484
151 6.518210411071777 0.8793700899987016 1.1013688987208365 4.537471242700121
152 6.511607646942139 0.878739023959497 1.0954672532954195 4.537401098757982
153 6.50510835647583 0.8783291703875875 1.0880530322320479 4.538726609403966
154 6.498728275299072 0.8780295214965008 1.079931709874754 4.540766830774373
155 6.492468357086182 0.8776865829131566 1.0722268229041625 4.5425548383936984
156 6.48632287979126 0.8771801387629239 1.0658275895621068 4.543315731687471
157 6.48029088973999 0.8764796161849517 1.0609793202584796 4.542831339691475
158 6.474372863769531 0.8756519834278151 1.0572163697958765 4.541504146814987
159 6.468576431274414 0.8748196486121742 1.0536503951793317 4.540106555861712
160 6.462897300720215 0.8740950607316336 1.0494327396614314 4.53936985553446
161 6.457334518432617 0.873526234732708 1.0441847482312103 4.539623101132747
162 6.451882839202881 0.8730781827398459 1.0381534815528974 4.540650807110069
163 6.4465508460998535 0.8726608195574954 1.0320158281648943 4.541873758287693
164 6.441334247589111 0.8721779640545719 1.0264972444991725 4.542659210070269
165 6.4362335205078125 0.8715815426330664 1.0219791844944588 4.542673165422457
166 6.431246757507324 0.8708912844813312 1.0183287313668727 4.542026609939057
167 6.426371097564697 0.8701811200662632 1.0150005891574827 4.541188793711626
168 6.421605587005615 0.8695370626519434 1.01133932113568 4.540728985743044
169 6.416955947875977 0.8690137225348735 1.0069474220292745 4.54099448982015
170 6.412417411804199 0.8686134410600062 1.0018095636801996 4.541994890783826
171 6.407995700836182 0.8682910286515835 0.9962890398823487 4.54341608543109
172 6.403690338134766 0.8679809483510326 0.9909030495433073 4.544806534137024
173 6.399499893188477 0.8676351137801248 0.9860272716376417 4.545837351673981
174 6.395419120788574 0.8672455540327064 0.9817062039019901 4.546467434478473
175 6.391452789306641 0.8668397470282798 0.9777066723392109 4.546906026849683
176 6.387591361999512 0.8664592525856278 0.9736517161043032 4.547480487564826
177 6.383838653564453 0.8661308017581177 0.9692993480627485 4.548408338790978
178 6.380193710327148 0.8658498381300888 0.9646604621160277 4.549683289340464
179 6.3766560554504395 0.8655821963839117 0.9600028254522395 4.551070883564535
180 6.373224258422852 0.8652861652990396 0.9556731306625166 4.552264488815126
181 6.369894027709961 0.8649345009216631 0.951907267764054 4.553052839699376
182 6.366666793823242 0.8645330403451226 0.948676354456456 4.553457642241483
183 6.3635382652282715 0.864112762546938 0.9457333478116223 4.553692332304308
184 6.360507011413574 0.8637115797846491 0.9427734068322821 4.5540215775772594
185 6.357573509216309 0.8633553893741919 0.9395837757233005 4.554634784235532
186 6.354738235473633 0.8630443983729492 0.9361605251104295 4.555533922323775
187 6.351998805999756 0.8627577226325229 0.9326849517383213 4.556556147286301
188 6.3493523597717285 0.8624698566381994 0.9293791150601339 4.5575037691178295
189 6.346797466278076 0.8621652264337172 0.9263834259043825 4.558248809273437
190 6.344330310821533 0.8618471694471737 0.9236662228980004 4.558816796431984
191 6.341949939727783 0.8615353265267913 0.9210497975877039 4.559364316569827
192 6.339654445648193 0.8612502652986223 0.9183431142018441 4.560061287672852
193 6.337441444396973 0.8610013481643364 0.9154563668986646 4.5609837423317
194 6.33530855178833 0.8607802572828405 0.9124623714436584 4.562065937586169
195 6.333255290985107 0.8605700280559176 0.9095209791440958 4.56316374995771
196 6.331276893615723 0.860354158006885 0.9067806791768366 4.564142630002905
197 6.32937479019165 0.8601295485134415 0.904270569634202 4.564974357384472
198 6.327544212341309 0.8599039561468089 0.901908507942875 4.565732360496021
199 6.325786113739014 0.859690900430337 0.8995537933888078 4.5665413021943735
200 6.324098587036133 0.8594881739070388 0.8973217471113323 4.567288957158645
201 6.32248067855835 0.8592995931183509 0.8952347415080899 4.56794648370204
202 6.320925712585449 0.859146304555253 0.8929931945536563 4.568786746107788
203 6.319436073303223 0.8590319252995684 0.8904576022883709 4.569946922338893
204 6.3180060386657715 0.8589268051043994 0.8879425985730584 4.571136787000717
205 6.3166351318359375 0.8588119093712621 0.8855651431279118 4.572258135909282
206 6.315326690673828 0.8586691009011815 0.8835771407613402 4.573079706029395
207 6.3140788078308105 0.8585176029465043 0.8817508717645661 4.573810191530788
208 6.312885761260986 0.8583846131315802 0.879793910605393 4.57470724733604
209 6.3117451667785645 0.8582845960584606 0.8775713089318375 4.575889112570827
210 6.310655117034912 0.8582108025040274 0.8751871703899915 4.5772571810105
211 6.309612274169922 0.8581463422830211 0.8728617749597236 4.578604076047849
212 6.3086137771606445 0.8580793510874107 0.8707581057420744 4.579776471226473
213 6.3076581954956055 0.8580130077205794 0.8688575875842581 4.58078740090851
214 6.306740760803223 0.8579612965650654 0.8669884810680282 4.5817910843144105
215 6.305863380432129 0.8579324903514656 0.865006278528424 4.582924635291663
216 6.305019855499268 0.8579191813435905 0.8629069493289947 4.584194203691511
217 6.30421257019043 0.8578976575217966 0.8608659690784793 4.585449128842817
218 6.303438663482666 0.857838104892584 0.8591343410185865 4.586466131262846
219 6.3026957511901855 0.8577221918923243 0.8578691093106192 4.587104182312071
220 6.301982879638672 0.8575518204445297 0.8570808162206266 4.587350475987047
221 6.301302909851074 0.8573495648808898 0.8566185157307925 4.587334478890454
222 6.300652503967285 0.8571519868096154 0.8560894005420131 4.5874108318495255
223 6.300029754638672 0.8569730689701425 0.8556299627358814 4.587427127540752
224 6.299434661865234 0.856832554747808 0.8549454600606466 4.587656537453012
225 6.298864841461182 0.8567236583966373 0.8543269504892739 4.587814211276289
226 6.298318862915039 0.8566532642524578 0.8534879702566012 4.588177839145366
227 6.297797203063965 0.8566154505488558 0.8522892851912536 4.588892093627001
228 6.297292232513428 0.8565822894897401 0.8508956512162371 4.589813955814876
229 6.296807765960693 0.8565211228686405 0.8496622341343518 4.5906245778748715
230 6.296342372894287 0.8564158214735293 0.8488466301833375 4.591079464991218
231 6.295895099639893 0.8562867222116908 0.8483732421081605 4.591235001277094
232 6.295468807220459 0.8561796340180746 0.8478813280764939 4.591407811391792
233 6.2950592041015625 0.8561386975177223 0.846973749051751 4.591946755854428
234 6.294660568237305 0.8561799367625903 0.8456867767339362 4.592792948366217
235 6.294274806976318 0.8562962263513585 0.8439906598477684 4.593987850271646
236 6.293909549713135 0.8564531704705206 0.8420571330566323 4.595399383066032
237 6.293560028076172 0.8565999654727996 0.8402096326310288 4.596751223057993
238 6.293224811553955 0.8566853131882828 0.8391585731084827 4.597380518678632
239 6.292900085449219 0.8567108723096367 0.8385640246747234 4.59762547916896
240 6.292582035064697 0.8566975629068652 0.8375316769153573 4.598353238678802
241 6.292276382446289 0.8566210778098746 0.8368007480459492 4.598853895226687
242 6.291977405548096 0.8564719524317876 0.8366286656272615 4.598877545397886
243 6.291690349578857 0.8562711759805959 0.8373647449623061 4.598054852849443
244 6.2914137840271 0.85609503678636 0.8379410905490019 4.597377733445619
245 6.291142463684082 0.8559982997011142 0.8377087708953306 4.597435636841384
246 6.290879249572754 0.8559799038599056 0.8366983750409904 4.598200755460514
247 6.29062032699585 0.85599165225445 0.8357117368371706 4.598917442285052
248 6.290368556976318 0.8559946887224701 0.8351229154949913 4.599250777645319
249 6.2901225090026855 0.8559837965245198 0.8350404853199233 4.599098100282779
250 6.289881706237793 0.8559886650261024 0.8346369632372617 4.599256362909703
251 6.289644241333008 0.8560167173430577 0.8336752040622623 4.599952296653919
252 6.2894158363342285 0.8560411471802453 0.8326953227434897 4.600679469154254
253 6.289190769195557 0.8560395747843779 0.832211870822834 4.600939722627127
254 6.288970470428467 0.8560224732232893 0.832038922426693 4.600909885376698
255 6.288756370544434 0.8560172066646157 0.8317357835533021 4.601002989406029
256 6.288542747497559 0.8560378534556854 0.8310296350941051 4.601475134768536
257 6.288330078125 0.856069188649081 0.8300685356442645 4.602192794264647
258 6.288124084472656 0.856078466717328 0.8292770138203758 4.602768295272686
259 6.287917137145996 0.8560464730058901 0.8293659131571898 4.602505180341086
260 6.2877116203308105 0.8560041634932758 0.8293462003498508 4.602362000641001
261 6.287506103515625 0.855971963668652 0.8289298515276211 4.6026045934994775
262 6.2873053550720215 0.8559400632749612 0.8283278395491528 4.603036974040079
263 6.287101745605469 0.8558872565895728 0.8283907524744767 4.60282433591951
264 6.286898136138916 0.8558300246451371 0.8288313491030667 4.602237257296744
265 6.286698341369629 0.855806016802789 0.8287642795087388 4.602127644335173
266 6.286495208740234 0.8558136836662884 0.828092740279392 4.602588942876125
267 6.286287784576416 0.8558111312140584 0.8273382941905677 4.6031386698500985
268 6.286080837249756 0.8557536913787174 0.8273707050236545 4.602956525688904
269 6.285873889923096 0.8556474578734723 0.8283081789853398 4.601917418571242
270 6.2856597900390625 0.855547649463652 0.8287916215603444 4.601320216585281
271 6.285438060760498 0.8554768023712964 0.8285363303936377 4.601424782925854
272 6.285212516784668 0.8554054874708823 0.8283126300937005 4.601493941003323
273 6.284985542297363 0.8553027239582272 0.8288492370155203 4.600833375084314
274 6.284765243530273 0.855180078715034 0.8296710639660319 4.599913792514253
275 6.284546852111816 0.8550611743379852 0.8301270798738469 4.599358238427575
276 6.284332752227783 0.8549457212755708 0.8302794953362457 4.599107195814385
277 6.284121990203857 0.8548155926882202 0.8307586271004386 4.598547756301407
278 6.2839155197143555 0.8546711661655015 0.8316115838945785 4.597632489915381
279 6.283709526062012 0.8545392860386337 0.832469741423062 4.596700527055916
280 6.283502101898193 0.8544437197495993 0.8327044427769323 4.59635385550482
281 6.283294677734375 0.8543726145419972 0.8325335813535615 4.596388318026971
282 6.283078670501709 0.8542962023991687 0.832703909936501 4.596078362440087
283 6.282860279083252 0.8542121588635707 0.8332456752196786 4.595402276219436
284 6.282642364501953 0.854143877621679 0.8337513342834062 4.594747421909988
285 6.282423973083496 0.8541074146899108 0.8333718822730856 4.594944138985161
286 6.2822041511535645 0.8540765573633617 0.8331090473111213 4.595018994782178
287 6.281983852386475 0.8540372559495828 0.8336753042268377 4.594271227433746
288 6.281768321990967 0.8540216064797328 0.8338564302351426 4.593890635603507
289 6.281544208526611 0.8540340312676618 0.83289425722413 4.594616180006502
290 6.281323432922363 0.8540205364922393 0.8322448986247835 4.595057842196397
291 6.281093120574951 0.8539470618164935 0.8324868812981692 4.594659324155372
292 6.28085994720459 0.8538402698546839 0.833323213971848 4.593696240286765
293 6.2806267738342285 0.853758402594524 0.8339365535393913 4.592931523193557
294 6.28038215637207 0.853727588166458 0.833356987651366 4.593297887679852
295 6.280144691467285 0.8537000672690118 0.8329280768829181 4.593516463172833
296 6.279905796051025 0.8536336250677294 0.833718162653855 4.592553876589051
297 6.2796711921691895 0.8535468178863771 0.834082340986225 4.5920427780636555
298 6.2794389724731445 0.8534371984483307 0.8340543946066146 4.591947290111432
299 6.279207229614258 0.8532812962449584 0.8347202206649403 4.591205723971621
300 6.27896785736084 0.8531003325101425 0.8361576359248384 4.589709823089474
301 6.278730869293213 0.8529509481627806 0.8369653611692393 4.58881479728689
302 6.2784953117370605 0.8528450194432176 0.8367504711836179 4.588899372988714
303 6.278255939483643 0.8527446565785484 0.8373468515187593 4.5881636498084655
304 6.278017044067383 0.8526509808667435 0.8380183249033031 4.587347333812817
305 6.277774810791016 0.8525716109865229 0.8379530566053556 4.587250608511506
306 6.277524471282959 0.8524846151832666 0.8381331602052823 4.586906855652352
307 6.277273178100586 0.8523864785697839 0.8386752183242332 4.586211210770852
308 6.277022838592529 0.8522969977516119 0.8390339693698259 4.58569200400256
309 6.276777744293213 0.8522260976232019 0.8388807195247043 4.5856705372669095
310 6.2765278816223145 0.8521688454429146 0.8395812285325559 4.584777338063099
311 6.276273727416992 0.8521436614980047 0.8389517138635585 4.585178691858871
312 6.276031494140625 0.852128810699373 0.8397388012055509 4.584164420103421
313 6.275887489318848 0.8521051628793161 0.8370644495009776 4.586717414258546
314 6.275579929351807 0.8519855059759136 0.8413196167120928 4.582275175085176
315 6.275248050689697 0.851942264190253 0.8398729361690809 4.583433342297766
316 6.275092124938965 0.8518990133244646 0.8373585693824762 4.585834551569138
317 6.2747802734375 0.8517346417413677 0.8421105503276608 4.580935380243361
318 6.27447509765625 0.8516393562865696 0.8412060501515047 4.581630098541546
319 6.274292945861816 0.8515412081718675 0.8384474614522948 4.584304528498736
320 6.273953914642334 0.8512748661288976 0.8424036289215241 4.580275390478198
321 6.273752689361572 0.8510384280993253 0.8453766394078694 4.577338199179762
322 6.273449420928955 0.8509406461475955 0.8428987364369769 4.579610230968595
323 6.273196220397949 0.8508248042372095 0.8429376872133612 4.579434585628109
324 6.2729692459106445 0.8506664116558378 0.8468598165830702 4.575443212688239
325 6.272608757019043 0.8506033134274276 0.844886711825896 4.5771188534011795
326 6.272404670715332 0.8505174745211264 0.8438081258539614 4.578079102700581
327 6.272235870361328 0.8503715859258861 0.8496752651047808 4.572188683751785
328 6.271873950958252 0.8503974303163278 0.8476384704453825 4.573838230781888
329 6.271814823150635 0.8504328041476941 0.8414905305948118 4.579891867225511
330 6.271266460418701 0.8501271341055627 0.8465013967070675 4.574637942301411
331 6.271310806274414 0.849837763695902 0.8539572801456612 4.567516201744208
332 6.2708539962768555 0.8499281428322112 0.8501864122581284 4.570739129606145
333 6.270893096923828 0.8501370792803844 0.84143755125114 4.579318568438421
334 6.27030086517334 0.8499096030993236 0.8455898875125079 4.574801525295182
335 6.270596981048584 0.8496431039270895 0.8575498327366519 4.563403524886662
336 6.2701897621154785 0.8499120193678813 0.8537261553487752 4.566551966578571
337 6.269575595855713 0.8504276389373905 0.8395280859308039 4.579620168845669
338 6.269513130187988 0.8502867518745822 0.8383085159100981 4.58091799432415
339 6.269219875335693 0.8494556520759198 0.8527225520666203 4.56704181933718
340 6.269138336181641 0.8489437090600838 0.8580477198851193 4.562147397359314
341 6.268404960632324 0.8490554682900893 0.8496109522764821 4.569738821530311
342 6.269104480743408 0.849275274527372 0.8405306613010295 4.579299618009011
343 6.268197536468506 0.8489207074722449 0.8480499885877606 4.571226856633784
344 6.268423080444336 0.8487865189101083 0.8625917866452122 4.557043820655791
345 6.267967700958252 0.8495707616739847 0.8559656489990073 4.562431112733858
346 6.267448902130127 0.850734348980303 0.835564297051998 4.581150319238059
347 6.2673187255859375 0.8509291219334185 0.8327247228432985 4.583665050582159
348 6.2669548988342285 0.8499531612111224 0.848614460519654 4.568387079410509
349 6.266879558563232 0.8489533141889183 0.8567886927983397 4.561137326299223
350 6.266057014465332 0.8484481440773415 0.850958851718159 4.566649111867837
351 6.266698837280273 0.8481235189964664 0.8448540883154421 4.573721160374311
352 6.26578426361084 0.8474652854409741 0.8541527828884479 4.5641663080027834
353 6.26612663269043 0.8473731497644985 0.8686138979220752 4.55013932372243
354 6.265592575073242 0.8484936388898926 0.8597184479953569 4.557379624921538
355 6.264945030212402 0.8500808543567318 0.8369001061955037 4.577963971860203
356 6.265042781829834 0.8505299980620338 0.8317293595365852 4.582782858181971
357 6.2645344734191895 0.8494819907901898 0.8494237480916721 4.56562841784136
358 6.264583110809326 0.8483046848877027 0.8607801100961571 4.5554982463094325
359 6.2636590003967285 0.8476965671404448 0.8556873708481165 4.560275513390763
360 6.264266014099121 0.8474034559414294 0.8481699938383471 4.568693135540871
361 6.263455867767334 0.8467708259549096 0.8562572613454935 4.560427710332347
362 6.263524055480957 0.846543622901095 0.8711599116112245 4.545820620888343
363 6.263100624084473 0.847424002655961 0.86437615776166 4.551300294192707
364 6.262563705444336 0.8487696963078102 0.843546537646158 4.570247269866858
365 6.2626447677612305 0.8491021084493618 0.8385220823382304 4.575020005437457
366 6.261980056762695 0.8480609993017865 0.8548329410388329 4.559086184061674
367 6.2619781494140625 0.8469564039452038 0.8654586104416029 4.549563496469999
368 6.261329650878906 0.8464986519117439 0.8604790675451458 4.55435215884806
369 6.261409759521484 0.8464693701166137 0.8551183290408103 4.559822102782854
370 6.260821342468262 0.846429144419194 0.8594445144629625 4.554947565939419
371 6.26072883605957 0.8466962173733219 0.8637539082152907 4.550278375096276
372 6.260295867919922 0.8473967931014693 0.8559267790309157 4.5569728351771355
373 6.260207176208496 0.8479543013537267 0.8460745698737249 4.566178362398497
374 6.259781837463379 0.8476760699751471 0.8500562187468428 4.562049563669426
375 6.259651184082031 0.8469450061562269 0.8606579560010487 4.552048834477742
376 6.259251594543457 0.846479832910912 0.8609480542083396 4.551823948796419
377 6.259128570556641 0.8463458904727108 0.8556771218357063 4.557105933160512
378 6.258713722229004 0.8462039167411578 0.85858178773736 4.55392770605406
379 6.258578300476074 0.8462289427653635 0.8628821229756204 4.549467225971955
380 6.258182525634766 0.8465862025958675 0.8569310941289954 4.554665076580505
381 6.258021354675293 0.8468678905099161 0.8511379945953341 4.560015562288353
382 6.257670879364014 0.8466820036687301 0.8551342124024386 4.555854560923011
383 6.257504940032959 0.8463570006655203 0.859654718010299 4.551493085558497
384 6.257168769836426 0.8462121311261517 0.8563873189580766 4.554568737384402
385 6.256992340087891 0.8461157512595108 0.8554625901699948 4.555414593388711
386 6.256750106811523 0.8460739862665028 0.8610542935405929 4.549622380104808
387 6.256400108337402 0.8463599573881404 0.8568707775732648 4.553168911784075
388 6.2562360763549805 0.8466741603089397 0.8505660900642169 4.5589952360406
389 6.255878448486328 0.8465692286699391 0.8534266875601417 4.555883548550739
390 6.25567102432251 0.8462445652808902 0.8577462992941628 4.551680352341543
391 6.255351543426514 0.8459900893650505 0.8568378846182596 4.552523791072946
392 6.255137920379639 0.84576182793821 0.8560548888322658 4.553320509848308
393 6.2548298835754395 0.8455097012050192 0.8600189539158147 4.549301350437532
394 6.254583358764648 0.8454546636031612 0.8608512627628215 4.548277631642652
395 6.254303455352783 0.845564121613771 0.8563413696254464 4.552398527499166
396 6.254016876220703 0.8455007569569322 0.8567490973911327 4.55176769315544
397 6.253758907318115 0.845270571933329 0.8611118649720207 4.5473760934926535
398 6.25343656539917 0.8451262188444553 0.8604317134007553 4.547878421889455
399 6.253180027008057 0.845013321114827 0.8586475335214163 4.5495187513808375
399 6.252851963043213 0.8448050240400478 0.8614813347749691 4.546565664832895
400 6.252584934234619 0.8446654413312922 0.8634871610124484 4.54443239101016
400 6.2522664070129395 0.8446661090139302 0.8608186364699223 4.546782026562306
