0 14.92967700958252 1.0037354212254286 9.479138477472588 4.4468029253184795
1 1950.4395751953125 79.88330841064453 1870.5562886595726 0.0
2 37.85145950317383 6.00899325683713 31.842465772293508 0.0
3 11.503341674804688 1.2168943621218204 4.831088435137644 5.4553580563515425
4 29.86643409729004 0.30532476655207574 28.19369196239859 1.3674185164272785
5 49.08597946166992 0.0672124425182119 48.71808164846152 0.30068585806293413
6 59.980201721191406 0.014643943402916193 59.90053781121969 0.06501154142461019
7 65.79485321044922 0.00270325128803961 65.78003479167819 0.012116358451748965
8 66.98049926757812 0.0015179253969108686 66.97217855602503 0.006803558475439786
9 62.39266586303711 0.008133163908496499 62.34808266162872 0.036454002518439665
10 53.68709182739258 0.03764984617009759 53.480694591999054 0.16875198908383027
11 42.877037048339844 0.11484949477016926 42.24741100333631 0.5147718426305801
12 31.91563606262207 0.2635977491736412 30.47055752016604 1.1814827686175704
13 22.40798568725586 0.4993705749511719 19.67036508023739 2.238250255584717
14 15.436816215515137 0.8247790783643723 10.915260631591082 3.69677765481174
15 11.490025520324707 1.2278900444507599 4.758556367596611 5.503578592091799
16 10.479215621948242 1.6832075417041779 1.2516296925605275 7.544376660138369
17 11.84023666381836 2.155064135789871 0.0258692680108652 9.659305322915316
18 3.0318689346313477 2.6028462052345276 0.42902401532046497 0.0
19 4.860418319702148 3.0213994681835175 1.8390190764330328 0.0
20 7.073906421661377 3.38166806101799 3.6922388058155775 0.0
21 9.123671531677246 3.659684479236603 5.46398765174672 0.0
22 10.588112831115723 3.8392580151557922 6.748852917226031 0.0
23 11.22305965423584 3.9134469628334045 7.309615563135594 0.0
24 10.974812507629395 3.884676694869995 7.090133368037641 0.0
25 9.958748817443848 3.7636475563049316 6.195103066274896 0.0
26 8.412626266479492 3.5673688650131226 4.845257772831246 0.0
27 6.635860919952393 3.316693067550659 3.31916818220634 0.0
28 4.927364826202393 3.0337791740894318 1.8935849086847156 0.0
29 3.5323896408081055 2.739819884300232 0.7925704497029074 0.0
30 2.6061313152313232 2.453294426202774 0.1528378996954416 0.0
31 12.009027481079102 2.188874363899231 0.009300845647430833 9.810847595334053
32 10.93903923034668 1.928297221660614 0.3678385350940516 8.642903618514538
33 10.482438087463379 1.6880352348089218 1.2283839107840322 7.566015070304275
34 10.587231636047363 1.4796007871627808 2.475848459289409 6.631782099604607
35 11.090476989746094 1.3097081929445267 3.9104733685962856 5.870299221947789
36 11.769926071166992 1.18110753595829 5.294927719514817 5.29389270581305
37 12.402281761169434 1.0937463492155075 6.406207714462653 4.902327386662364
38 12.813949584960938 1.0459271222352982 7.080027381889522 4.687994780018926
39 12.913389205932617 1.0351693034172058 7.23844216670841 4.639776699244976
40 12.699814796447754 1.0586300790309906 6.896250648424029 4.744931247085333
41 12.249384880065918 1.1130828857421875 6.1473034613300115 4.988996505737305
42 11.685201644897461 1.1945959329605103 5.136255682446063 5.3543496280908585
43 11.1404447555542 1.2981166392564774 4.023982430808246 5.818344222381711
44 10.724417686462402 1.4171826988458633 2.9552226164378226 6.352015310898423
45 10.499249458312988 1.5439413785934448 2.0351445343112573 6.9201658219099045
46 10.471467971801758 1.669543907046318 1.318789892247878 7.483134297654033
47 10.598597526550293 1.784885436296463 0.8135978931386489 8.000111509114504
48 10.807162284851074 1.8815623819828033 0.4921705559536349 8.433431390672922
49 11.016073226928711 1.9528482258319855 0.3102781387133291 8.752944726496935
50 11.158561706542969 1.994483232498169 0.22451913559052628 8.939558774232864
51 11.197307586669922 2.0051186978816986 0.20495925768045709 8.987228449434042
52 11.129530906677246 1.9863384366035461 0.24013963295146823 8.903052635490894
53 10.982303619384766 1.9422909915447235 0.33438575148466043 8.7056256942451
54 10.800490379333496 1.8789945244789124 0.49957344148424454 8.421921886503696
55 10.63179874420166 1.8035040199756622 0.74473262677202 8.083562660962343
56 10.513237953186035 1.723063051700592 1.0671610286226496 7.723014749586582
57 10.46256160736084 1.6443862468004227 1.4478017928195186 7.370374070480466
58 10.476309776306152 1.5731485933065414 1.852083874400705 7.051076730713248
59 10.53406047821045 1.5137038081884384 2.235719099990092 6.784636711701751
60 10.60683822631836 1.4690010994672775 2.553563295514323 6.584272785112262
61 10.666665077209473 1.4406394064426422 2.7688731550006196 6.457151625305414
62 10.694388389587402 1.4289947599172592 2.860433997702785 6.404958656057715
63 10.683769226074219 1.4333628714084625 2.825870144297369 6.424537155777216
64 10.64120101928711 1.452093482017517 2.680616524303332 6.508490428328514
65 10.581748008728027 1.4827180355787277 2.453272725106217 6.645754052326083
66 10.523261070251465 1.522091120481491 2.178938268334605 6.822229843586683
67 10.480572700500488 1.5665764510631561 1.8923763162456453 7.021619450300932
68 10.46150016784668 1.612288549542427 1.622705481131561 7.226507605984807
69 10.465598106384277 1.655395656824112 1.3904825190547854 7.419719818979502
70 10.485597610473633 1.6924481987953186 1.2073541557765566 7.585794605314732
71 10.510746002197266 1.7206946313381195 1.077654947875999 7.712399151176214
72 10.530699729919434 1.738336056470871 1.0008937120437622 7.791470538824797
73 10.538637161254883 1.7446625530719757 0.9741480051889084 7.819826800376177
74 10.532835960388184 1.74006986618042 0.9935231885174289 7.799241721630096
75 10.516345977783203 1.7259401828050613 1.0544929991010576 7.735910462215543
76 10.495221138000488 1.704420581459999 1.1513485739124008 7.63945653475821
77 10.476104736328125 1.6781353503465652 1.2763242647633888 7.5216423738747835
78 10.463910102844238 1.6498806774616241 1.4190276560839266 7.395000893622637
79 10.46057415008545 1.6223427057266235 1.5666600374970585 7.271571770310402
80 10.464868545532227 1.5978643000125885 1.7051506150164641 7.161856058984995
81 10.473335266113281 1.5782814919948578 1.8209732009563595 7.074083115905523
82 10.481793403625488 1.5648263692855835 1.9031928281765431 7.013775333762169
83 10.486841201782227 1.5580936968326569 1.9451510399812832 6.983598534017801
84 10.486871719360352 1.558058649301529 1.9453719235025346 6.983441445976496
85 10.48229694366455 1.5641270875930786 1.9075264601269737 7.010641053318977
86 10.475065231323242 1.5752316266298294 1.8394199543399736 7.060413183644414
87 10.467747688293457 1.5899470001459122 1.7514326988020912 7.1263695899397135
88 10.462532043457031 1.6066287904977798 1.6547681111842394 7.201139757409692
89 10.460539817810059 1.6235681176185608 1.5599073714111 7.277064241468906
90 10.461593627929688 1.6391511261463165 1.4755328456521966 7.346909511834383
91 10.464520454406738 1.6520098149776459 1.4079668367048725 7.4045439921319485
92 10.46771240234375 1.6611363589763641 1.3611272018169984 7.4454504661262035
93 10.469772338867188 1.6659668684005737 1.3367076552822255 7.467101499438286
94 10.469972610473633 1.6664049625396729 1.334505292470567 7.469065099954605
95 10.46839427947998 1.6628016382455826 1.3526797940721735 7.452914485707879
96 10.465765953063965 1.6558818370103836 1.3879826312768273 7.421898948028684
97 10.46307373046875 1.64663627743721 1.435977949295193 7.380459029227495
98 10.461183547973633 1.6361975371837616 1.4913152300869115 7.333671104162931
99 10.460519790649414 1.6257120668888092 1.5481357180397026 7.286673728376627
