0 60.73942184448242
1 8.669050171078948e+19
2 69.91915130615234
3 86190.125
4 538349.375
5 14179365814272.0
6 5402670923776.0
7 1.9059455449502843e+18
8 8543.416015625
9 829396352.0
10 3086296.5
11 2287370240.0
12 248427040.0
13 158074464.0
14 231455064064.0
15 492435603456.0
16 5101696000.0
17 7435895808.0
18 8801.9306640625
19 7934.146484375
20 24184424.0
21 5192.0400390625
22 3428.432861328125
23 1654.39990234375
24 376.3107604980469
25 14.070849418640137
26 649.4141845703125
27 2373.813232421875
28 4803.92041015625
29 7489.35791015625
30 10060.1435546875
31 12132.37109375
32 13005.396484375
33 12867.0390625
34 11722.8291015625
35 9685.0009765625
36 7016.81396484375
37 4156.962890625
38 1999.8538818359375
39 711.3627319335938
40 45.95820236206055
41 178.17991638183594
42 967.51904296875
43 1711.04296875
44 3383.38720703125
45 3962.3125
46 3550.0380859375
47 2507.239013671875
48 1337.656005859375
49 447.3042907714844
50 32.67323303222656
51 78.23220825195312
52 446.60028076171875
53 922.0775756835938
54 1293.9727783203125
55 1439.3743896484375
56 1333.015380859375
57 1029.98095703125
58 636.7616577148438
59 8611553.0
60 24292588.0
61 227997936.0
62 3734315.0
63 326997.625
64 454004704.0
65 810126848.0
66 925867.625
67 58159.46875
68 51810.5859375
69 44129.25390625
70 36062.19921875
71 28231.94140625
72 21060.447265625
73 14821.92578125
74 9674.0546875
75 5679.71142578125
76 2823.572998046875
77 1026.0423583984375
78 156.49163818359375
79 23.919601440429688
80 399.1414794921875
81 1112.252197265625
82 2005.018798828125
83 2938.026123046875
84 3797.818603515625
85 4501.05712890625
86 4995.52001953125
87 5258.2578125
88 5291.3876953125
89 5116.65869140625
90 4769.333984375
91 4292.3798828125
92 3731.256591796875
93 3129.83056640625
94 2527.2802734375
95 1956.1522216796875
96 1441.3466796875
97 998.2545166015625
98 632.0486450195312
99 354.30609130859375
100 162.3398895263672
101 49.132667541503906
102 4.22697114944458
103 17.694578170776367
104 65.34114074707031
105 141.4033660888672
106 227.819091796875
107 310.1222229003906
108 370.00445556640625
109 405.18804931640625
110 419.61328125
111 414.0862121582031
112 391.1399230957031
113 354.46026611328125
114 308.33465576171875
115 257.166015625
116 205.07415771484375
117 155.60580444335938
118 111.54263305664062
119 74.8064193725586
120 46.44822692871094
121 26.70392417907715
122 15.104941368103027
123 10.626965522766113
124 11.857327461242676
125 4.207178592681885
126 8.883142471313477
127 15.0370454788208
128 21.611387252807617
129 27.728601455688477
130 32.728668212890625
131 36.186424255371094
132 37.90205764770508
133 37.87786102294922
134 36.280757904052734
135 33.39527130126953
136 29.577224731445312
137 25.207870483398438
138 20.655611038208008
139 16.24664878845215
140 12.243558883666992
141 8.83374309539795
142 6.126743316650391
143 4.158899784088135
144 2.903780698776245
145 2.2846693992614746
146 11.308582305908203
147 10.653606414794922
148 10.460558891296387
149 10.627290725708008
150 11.03903865814209
151 11.581499099731445
152 12.151423454284668
153 12.664679527282715
154 13.059720993041992
155 13.300305366516113
156 13.37344741821289
157 13.287148475646973
158 13.06479263305664
159 12.740814208984375
160 12.354229927062988
161 11.94505500793457
162 11.549013137817383
163 11.195036888122559
164 10.903651237487793
165 10.685930252075195
166 10.544276237487793
167 10.473543167114258
168 10.46275806427002
169 10.49731159210205
170 10.560995101928711
171 10.637956619262695
172 10.714164733886719
173 10.77859115600586
174 10.82372760772705
175 10.84571647644043
176 10.844151496887207
177 10.821394920349121
178 10.78182601928711
179 10.731091499328613
180 10.675042152404785
181 10.61931324005127
182 10.568537712097168
183 10.526161193847656
184 10.494156837463379
185 10.473154067993164
186 10.462547302246094
187 10.460810661315918
188 10.46578598022461
189 10.475057601928711
190 10.486236572265625
191 10.497220993041992
192 10.506349563598633
193 10.512524604797363
194 10.515250205993652
195 10.514460563659668
196 10.510643005371094
