0 74.59954833984375 0.0024551430500983074 74.58640581555665 0.010685714304082827
1 10.010692596435547 3.6219447143375874 6.388748918136116 0.0
2 27.8876895904541 5.449948277324438 22.4377412609756 0.0
3 6.231450080871582 3.252203119918704 2.979247203504201 0.0
4 10.495323181152344 1.6857338771224022 1.253710083605256 7.555880982428789
5 14.1959867477417 0.9155817879363894 9.17476441967301 4.105640586465597
6 17.697608947753906 0.6932976916432381 13.896850370801985 3.1074592964723706
7 15.683012008666992 0.8085805997252464 11.250259771477431 3.624173759482801
8 11.703653335571289 1.191613033413887 5.171060350257903 5.3409798461943865
9 10.56678581237793 1.7649118900299072 0.8912876102840528 7.9105872213840485
10 2.335008144378662 2.3153598606586456 0.01964782358299999 0.0
11 3.7647533416748047 2.7956334948539734 0.9691193606704473 0.0
12 4.769057273864746 3.0042948126792908 1.7647619405761361 0.0
13 4.131373882293701 2.8769662976264954 1.2544082017848268 0.0
14 2.7789182662963867 2.5196913480758667 0.2592278474912746 0.0
15 11.615119934082031 2.1070227324962616 0.06411976370145567 9.443976890295744
16 10.460648536682129 1.6283209947869182 1.5340551134431735 7.298273644410074
17 11.317398071289062 1.2605190873146057 4.407049112487584 5.6498266234993935
18 12.60957145690918 1.0689603388309479 6.749378106324002 4.791232947260141
19 12.754505157470703 1.052493840456009 6.984581865835935 4.717427749186754
20 11.71508502960205 1.189778357744217 5.192548310151324 5.332756567746401
21 10.651915550231934 1.447177231311798 2.718279527616687 6.486455090343952
22 10.55942153930664 1.7598938345909119 0.9114351667813025 7.8880955800414085
23 11.279865264892578 2.0269739627838135 0.16770432383054867 9.085186868906021
24 11.812835693359375 2.1494089663028717 0.02946719730971381 9.633958045393229
25 11.536357879638672 2.0892601013183594 0.08273744497273583 9.364362239837646
26 10.83069896697998 1.890438586473465 0.4670435143634677 8.47321580722928
27 10.462289810180664 1.643068104982376 1.4547566443798132 7.364465970546007
28 10.68779468536377 1.4316945672035217 2.8390385006787255 6.417059578001499
29 11.101585388183594 1.3070880770683289 3.9359454507939517 5.858555488288403
30 11.19370174407959 1.2862735986709595 4.142166415695101 5.765262022614479
31 10.887871742248535 1.3629098236560822 3.4162073471816257 6.10875653102994
32 10.536066055297852 1.5122206509113312 2.2458540578372777 6.777988988906145
33 10.484132766723633 1.6904398500919342 1.2168994059902616 7.576792899519205
34 10.707538604736328 1.8404076099395752 0.6181629787897691 8.248969823122025
35 10.88860034942627 1.9112246930599213 0.4109902370691998 8.566382106393576
36 10.810028076171875 1.8826586604118347 0.48902882175752893 8.438345067203045
37 10.581570625305176 1.774506151676178 0.8534738411253784 7.953590072691441
38 10.4608736038208 1.633273884654045 1.5070333014591597 7.320566875860095
39 10.541239738464355 1.5084771364927292 2.271552365855314 6.761210022494197
40 10.679583549499512 1.4351144134998322 2.812083108583465 6.432387817651033
41 10.696907043457031 1.4279722273349762 2.8685612784465775 6.40037551894784
42 10.581256866455078 1.4829983115196228 2.4512492265785113 6.647010289132595
43 10.47244644165039 1.5799386352300644 1.810996457352303 7.081510668620467
44 10.481084823608398 1.6860625594854355 1.237851492187474 7.557173257693648
45 10.566631317138672 1.7648082077503204 0.8917013302561827 7.910122502595186
46 10.60663890838623 1.7895755469799042 0.7959291120641865 8.021133255213499
47 10.553171157836914 1.755487859249115 0.9293342317687348 7.868347369134426
48 10.477545738220215 1.6805515438318253 1.2645257971598767 7.532472098246217
49 10.465617179870605 1.5956094712018967 1.7182577404309995 7.151749594137073
50 10.513274192810059 1.5305415391921997 2.122622216702439 6.860105827450752
51 10.546980857849121 1.5044713914394379 2.29925136489328 6.743255700916052
52 10.523280143737793 1.522073283791542 2.179058264591731 6.822149896994233
53 10.475746154785156 1.5740757882595062 1.846439735381864 7.055232550948858
54 10.46180248260498 1.6404123157262802 1.4688257945817895 7.35256234370172
55 10.488615036010742 1.6964085698127747 1.1886590882204473 7.603545553982258
56 10.51196575164795 1.7218600660562515 1.0724834995926358 7.717622796073556
57 10.4996919631958 1.7094141244888306 1.1284406925551593 7.661838307976723
58 10.470355033874512 1.6672204434871674 1.3304129886091687 7.472720202058554
59 10.461240768432617 1.6141507625579834 1.612238889792934 7.234854310750961
60 10.477692604064941 1.570924535393715 1.8656600947724655 7.041108185425401
61 10.491708755493164 1.552208736538887 1.9822773477062583 6.9572213012725115
62 10.483512878417969 1.562451794743538 1.917928121984005 7.003132151439786
63 10.465649604797363 1.5955114215612411 1.7188273117062636 7.151310121640563
64 10.461325645446777 1.6373065412044525 1.4853787029278465 7.338641818612814
65 10.472225189208984 1.6710577309131622 1.3112477987306193 7.489919472485781
66 10.479707717895508 1.6839746236801147 1.2479190548765473 7.547814831137657
67 10.473007202148438 1.672566756606102 1.303756559791509 7.496683141216636
68 10.462407112121582 1.6436422169208527 1.4517251978395507 7.36703922227025
69 10.461792945861816 1.6104707717895508 1.6329635173315182 7.218360066413879
70 10.469184875488281 1.586608201265335 1.7711722885724157 7.111404616385698
71 10.472134590148926 1.5805357992649078 1.8074103363323957 7.084187243133783
72 10.466534614562988 1.5930497497320175 1.7332088836701587 7.1402765568345785
73 10.460868835449219 1.617606282234192 1.592918567766901 7.250342443585396
74 10.462324142456055 1.6432436555624008 1.453828830854036 7.365252813324332
75 10.466963768005371 1.6592177152633667 1.3708980614319444 7.43685083091259
76 10.467103958129883 1.6595716327428818 1.3690932889585383 7.4384371396154165
77 10.462809562683105 1.6455223709344864 1.4418240683153272 7.375466341152787
78 10.460528373718262 1.6243831813335419 1.5554273399175145 7.280717473477125
79 10.462719917297363 1.6057858765125275 1.6595737147144973 7.197361696511507
80 10.465038299560547 1.5973351448774338 1.7082199713331647 7.159484310075641
81 10.4637451171875 1.6016686260700226 1.6831713690771721 7.1789075918495655
82 10.461044311523438 1.6158263683319092 1.6028538058162667 7.24236461520195
83 10.460835456848145 1.6328783482313156 1.5091667280648835 7.318794025108218
84 10.46271800994873 1.645107015967369 1.444007835816592 7.3736046608537436
85 10.463281631469727 1.6474912911653519 1.4315005889511667 7.384291322901845
86 10.46170425415039 1.6398370563983917 1.4718827197793871 7.34998394921422
87 10.460530281066895 1.6264918744564056 1.543868659355212 7.290168937295675
88 10.461263656616211 1.613967701792717 1.613264508487191 7.234033806249499
89 10.462292671203613 1.6077942252159119 1.6481366741936654 7.2063634023070335
90 10.461846351623535 1.6101603507995605 1.6347183598554693 7.2169687151908875
91 10.460737228393555 1.6192384958267212 1.5838404605165124 7.2576582580804825
92 10.460661888122559 1.6303070485591888 1.5230832117958926 7.307269092649221
93 10.461437225341797 1.638086348772049 1.481212736980524 7.342137027531862
94 10.4616060256958 1.6392347812652588 1.47508809925057 7.3472844660282135
95 10.460923194885254 1.633808046579361 1.5041534940246493 7.322961065918207
96 10.46052074432373 1.624965950846672 1.5522270972724073 7.283329529687762
97 10.460908889770508 1.6171867549419403 1.595257364679128 7.248462062329054
98 10.461257934570312 1.6140373796224594 1.6128732878132723 7.234346112236381
99 10.460967063903809 1.6165816634893417 1.5986338004586287 7.245749955996871
100 10.460545539855957 1.6230987310409546 1.5624918113462627 7.27496038377285
101 10.46064567565918 1.6301149129867554 1.5241256792796776 7.306407913565636
102 10.460958480834961 1.6341852247714996 1.5021234203595668 7.324651632457972
103 10.460904121398926 1.6335920244455338 1.505319245334249 7.321992823854089
104 10.460596084594727 1.629048153758049 1.5299229984520935 7.301626546308398
105 10.460553169250488 1.6231509894132614 1.5622053819242865 7.275194613263011
106 10.460762023925781 1.6189303696155548 1.5855529755936004 7.256277192384005
107 10.460805892944336 1.6183146387338638 1.5889759510173462 7.253517398610711
108 10.46061897277832 1.621276468038559 1.5725485867005773 7.266792740672827
109 10.460522651672363 1.626019150018692 1.5464537157095037 7.28805011883378
110 10.460641860961914 1.6300029903650284 1.5247331603313796 7.305906260386109
111 10.460716247558594 1.6312754452228546 1.5178333755466156 7.311609584838152
112 10.460615158081055 1.6294319033622742 1.5278353923349641 7.303346566855907
113 10.460521697998047 1.6257058084011078 1.5481700320378877 7.2866456769406796
114 10.460577011108398 1.6221816539764404 1.5675478865159675 7.270849913358688
115 10.460650444030762 1.62064790725708 1.5760267316363752 7.263975441455841
116 10.460602760314941 1.621712476015091 1.5701402371632867 7.268746990710497
117 10.460525512695312 1.6245878338813782 1.5543031968991272 7.281634755432606
118 10.460546493530273 1.6276058852672577 1.5377824450843036 7.295162092894316
119 10.460600852966309 1.6291785389184952 1.5292138082440943 7.3022109512239695
120 10.460577964782715 1.6286006718873978 1.5323577512754127 7.299620868638158
121 10.460526466369629 1.626377448439598 1.5444941192981787 7.28965606354177
122 10.460536003112793 1.6238474547863007 1.55837135767797 7.278316270560026
123 10.460570335388184 1.6223844289779663 1.5664295994793065 7.271758779883385
124 10.460562705993652 1.6226697117090225 1.5648575252271257 7.2730374578386545
125 10.460528373718262 1.6243974715471268 1.555348438268993 7.280781524255872
126 10.460530281066895 1.6265003234148026 1.5438203731901012 7.290206806734204
127 10.460556030273438 1.6278004199266434 1.5367206631344743 7.296034025028348
128 10.460551261901855 1.6276592910289764 1.5374890295788646 7.295401465147734
129 10.460528373718262 1.6262899339199066 1.5449718441232108 7.289263810962439
130 10.460529327392578 1.6245629042387009 1.5544405556283891 7.2815230172127485
131 10.460537910461426 1.623464122414589 1.5604798193089664 7.276598120108247
132 10.460538864135742 1.6235425621271133 1.5600496614933945 7.2769496981054544
133 10.46052360534668 1.6246458292007446 1.553983275371138 7.281894698739052
134 10.460525512695312 1.6260572224855423 1.5462458797264844 7.288220765069127
135 10.46053695678711 1.626958653330803 1.5413159650051966 7.29226110689342
136 10.460531234741211 1.626892939209938 1.5416751318844035 7.291966566815972
137 10.460522651672363 1.625988483428955 1.5466218953952193 7.287912666797638
138 10.460519790649414 1.6248340010643005 1.5529516979586333 7.282738111913204
139 10.460535049438477 1.6241120845079422 1.556917327689007 7.2795023787766695
140 10.460533142089844 1.6241921931505203 1.5564767934847623 7.2798614371567965
141 10.460524559020996 1.6249562501907349 1.5522792874253355 7.283286049962044
142 10.460522651672363 1.6258946061134338 1.5471357834758237 7.287491895258427
143 10.460531234741211 1.6264503598213196 1.5440958098042756 7.289982862770557
144 10.460522651672363 1.6263396888971329 1.5447003114968538 7.289486819878221
145 10.46052074432373 1.6256841123104095 1.5482883845106699 7.2865484319627285
146 10.460522651672363 1.6249181777238846 1.5524898972944357 7.283115403726697
147 10.460527420043945 1.6245068907737732 1.5547473268816248 7.281271956861019
148 10.460524559020996 1.62465500831604 1.5539348864695057 7.281935840845108
149 10.460522651672363 1.6252218186855316 1.5508234081789851 7.284476365894079
150 10.460522651672363 1.6258297264575958 1.5474924846785143 7.287201095372438
151 10.46052360534668 1.6261141747236252 1.5459337661741301 7.288476033136249
152 10.460519790649414 1.625933825969696 1.5469216805649921 7.2876676842570305
153 10.460524559020996 1.6254470199346542 1.5495895425556228 7.285485750064254
154 10.460526466369629 1.6249716877937317 1.5521965845255181 7.283355243504047
155 10.460521697998047 1.6247967630624771 1.5531553217442706 7.282571205869317
156 10.460522651672363 1.624997764825821 1.552053164341487 7.283472124487162
157 10.460526466369629 1.6254236549139023 1.549717346788384 7.2853810247033834
158 10.460521697998047 1.6257908195257187 1.5477050465415232 7.287026708945632
159 10.460521697998047 1.6258797943592072 1.5472175617469475 7.287425506860018
160 10.460521697998047 1.6256568878889084 1.5484395099338144 7.286426408216357
161 10.460521697998047 1.6252962946891785 1.5504142086138017 7.2848101779818535
162 10.460524559020996 1.6250250935554504 1.551903374493122 7.283594615757465
163 10.46052360534668 1.6250035017728806 1.5520203913911246 7.283497838303447
164 10.460522651672363 1.6252206712961197 1.5508289559511468 7.284471223130822
165 10.46052360534668 1.6255289018154144 1.549139967537485 7.2858527563512325
166 10.460518836975098 1.6257188469171524 1.5480991438380443 7.286704117432237
167 10.46052074432373 1.6256870329380035 1.5482744123437442 7.286561522632837
168 10.460518836975098 1.6254680901765823 1.5494727311306633 7.28558018989861
169 10.460522651672363 1.6252195239067078 1.5508359420346096 7.284466080367565
170 10.460522651672363 1.6251092702150345 1.5514417793019675 7.283971907570958
171 10.460524559020996 1.6251871883869171 1.5510128543246537 7.2843211479485035
172 10.46052074432373 1.6253883987665176 1.5499106969218701 7.285223001614213
173 10.460524559020996 1.625566452741623 1.548935008177068 7.286021064966917
174 10.46052360534668 1.6256201714277267 1.5486397434142418 7.286261839792132
175 10.460521697998047 1.6255201399326324 1.5491882537025958 7.285813484340906
176 10.46052360534668 1.625343233346939 1.5501577782561071 7.285020563751459
177 10.460526466369629 1.6252183765172958 1.5508422089624219 7.284460937604308
178 10.460519790649414 1.6252224445343018 1.5508195041911677 7.284479171037674
179 10.460521697998047 1.6253307163715363 1.5502263035159558 7.284964460879564
180 10.460521697998047 1.6254669427871704 1.5494797172141261 7.285575047135353
181 10.460519790649414 1.6255379766225815 1.5490908594802022 7.285893430933356
182 10.460522651672363 1.625502198934555 1.5492864698171616 7.2857330702245235
183 10.460516929626465 1.6253997683525085 1.5498483358533122 7.285273961722851
184 10.460518836975098 1.6252992153167725 1.5503985926625319 7.284823268651962
185 10.46052074432373 1.6252661496400833 1.5505794089403935 7.284675063565373
186 10.46052360534668 1.625323623418808 1.550266062549781 7.284932669252157
187 10.460518836975098 1.625418022274971 1.5497485786909238 7.285355778411031
188 10.460522651672363 1.625489056110382 1.549357358017005 7.285674162209034
189 10.46052074432373 1.625490203499794 1.549352734873537 7.285679304972291
190 10.460519790649414 1.625426784157753 1.5496994706336409 7.285395050421357
191 10.460518836975098 1.6253483444452286 1.5501296284492128 7.2850434724241495
192 10.460521697998047 1.6253125667572021 1.5503260606783442 7.284883111715317
193 10.460522651672363 1.6253270655870438 1.5502473645028658 7.284948097541928
194 10.460522651672363 1.6253816187381744 1.5499480930157006 7.285192612558603
195 10.460519790649414 1.6254361718893051 1.5496479996363632 7.285437127575278
196 10.46052074432373 1.6254612058401108 1.5495116682723165 7.285549333319068
197 10.460519790649414 1.6254313737154007 1.5496745056589134 7.285415621474385
198 10.460522651672363 1.6253810971975327 1.549951175111346 7.285190274938941
199 10.46052074432373 1.6253415644168854 1.5501671272795647 7.28501308336854
200 10.46052074432373 1.625342920422554 1.5501593193039298 7.285019161179662
201 10.460522651672363 1.6253810971975327 1.5499496340635233 7.285190274938941
202 10.460518836975098 1.6254214644432068 1.5497290587518364 7.285371206700802
203 10.460524559020996 1.6254424303770065 1.5496129664825276 7.285465179011226
204 10.460518836975098 1.6254214644432068 1.5497298806440085 7.285371206700802
205 10.460516929626465 1.6253864169120789 1.5499207651009783 7.285214118659496
206 10.46052360534668 1.6253520995378494 1.5501086701988243 7.285060303285718
207 10.46052360534668 1.6253514736890793 1.5501125741866417 7.285057498142123
208 10.460522651672363 1.6253810971975327 1.5499496340635233 7.285190274938941
209 10.460526466369629 1.6254140585660934 1.5497703588334844 7.285338012501597
210 10.46052360534668 1.6254305392503738 1.5496799506945536 7.285411881282926
211 10.46052360534668 1.6254219859838486 1.549725154764019 7.285373544320464
212 10.460524559020996 1.6253936141729355 1.5498818279593252 7.285246377810836
213 10.46052360534668 1.6253623217344284 1.5500541171059012 7.285106120631099
214 10.460517883300781 1.6253611743450165 1.5500587402493693 7.285100977867842
215 10.460522651672363 1.625388190150261 1.5499114160775207 7.285222066566348
216 10.460526466369629 1.6254091560840607 1.549796145700384 7.285316038876772
217 10.46052360534668 1.625416874885559 1.549754023726564 7.285350635647774
218 10.460521697998047 1.6254094690084457 1.5497953238082118 7.285317441448569
219 10.460516929626465 1.6253913193941116 1.5498942590784281 7.285236092284322
220 10.46052360534668 1.6253694146871567 1.550014358072076 7.285137912258506
221 10.460522651672363 1.6253605484962463 1.5500634661293589 7.285098172724247
222 10.460524559020996 1.6253801584243774 1.5499550790991634 7.285186067223549
223 10.460518836975098 1.6254046708345413 1.54982100793859 7.285295935347676
224 10.46052360534668 1.625416874885559 1.549754023726564 7.285350635647774
225 10.460518836975098 1.6254129111766815 1.549775084713474 7.28533286973834
226 10.460518836975098 1.6253964304924011 1.5498662120080553 7.285259000957012
227 10.460522651672363 1.625373899936676 1.5499893930973485 7.2851580157876015
228 10.46052074432373 1.6253628432750702 1.5500509322737344 7.285108458250761
229 10.460524559020996 1.6253801584243774 1.5499550790991634 7.285186067223549
230 10.460522651672363 1.6254026889801025 1.5498327199020423 7.28528705239296
231 10.460518836975098 1.6254132241010666 1.5497742628213018 7.285334272310138
232 10.460526466369629 1.625408947467804 1.5497968648560345 7.285315103828907
233 10.460522651672363 1.6253941357135773 1.5498794650193304 7.285248715430498
234 10.460519790649414 1.6253748387098312 1.549985489109531 7.285162223502994
235 10.46052074432373 1.625366285443306 1.5500306931789964 7.285123886540532
236 10.460522651672363 1.625385582447052 1.5499262101366185 7.285210378468037
237 10.460519790649414 1.6254000812768936 1.5498459729133174 7.285275364294648
238 10.460522651672363 1.6254038363695145 1.54982645297423 7.285292195156217
239 10.460519790649414 1.6253967434167862 1.5498646709602326 7.2852604035288095
240 10.460524559020996 1.6253839135169983 1.5499348400044255 7.285202898085117
241 10.46052074432373 1.625376507639885 1.5499761400860734 7.285169703885913
242 10.460522651672363 1.6253776550292969 1.5499691540026106 7.28517484664917
243 10.460522651672363 1.6253862082958221 1.5499215869931504 7.285213183611631
244 10.460516929626465 1.6253913193941116 1.5498935399227776 7.285236092284322
245 10.460516929626465 1.6253913193941116 1.5498935399227776 7.285236092284322
246 10.460518836975098 1.625386729836464 1.549918504897505 7.285215521231294
247 10.460516929626465 1.6253793239593506 1.5499589830869809 7.285182327032089
248 10.460524559020996 1.6253801584243774 1.5499550790991634 7.285186067223549
249 10.460522651672363 1.625388190150261 1.5499114160775207 7.285222066566348
250 10.46052360534668 1.6253921538591385 1.54988963593496 7.285239832475781
251 10.460522651672363 1.6253910064697266 1.5498959028627723 7.285234689712524
252 10.460522651672363 1.625385582447052 1.5499246690887958 7.285210378468037
253 10.460516929626465 1.6253781765699387 1.5499667910626158 7.285177184268832
254 10.460516929626465 1.6253781765699387 1.5499652500147931 7.285177184268832
255 10.460522651672363 1.6253862082958221 1.549923128040973 7.285213183611631
256 10.460522651672363 1.6253895461559296 1.5499036081018858 7.28522814437747
257 10.460522651672363 1.6253895461559296 1.5499044299940579 7.28522814437747
258 10.46052074432373 1.625385269522667 1.5499270320287906 7.285208975896239
259 10.460516929626465 1.6253781765699387 1.5499652500147931 7.285177184268832
260 10.460522651672363 1.6253788024187088 1.5499620651826262 7.285179989412427
261 10.460522651672363 1.6253862082958221 1.549922306148801 7.285213183611631
262 10.46052074432373 1.6253883987665176 1.5499106969218701 7.285223001614213
263 10.460522651672363 1.625385582447052 1.5499246690887958 7.285210378468037
264 10.460524559020996 1.6253793239593506 1.5499605241348036 7.285182327032089
265 10.46052074432373 1.6253799498081207 1.5499559009913355 7.285185132175684
266 10.46052074432373 1.6253878772258759 1.5499137790175155 7.285220663994551
267 10.460527420043945 1.6253901720046997 1.5499013478984125 7.285230949521065
268 10.460518836975098 1.625386729836464 1.5499200459453277 7.285215521231294
269 10.460519790649414 1.6253796368837357 1.5499581611948088 7.285183729603887
270 10.46052074432373 1.6253799498081207 1.549956620146986 7.285185132175684
271 10.46052074432373 1.6253878772258759 1.5499129571253434 7.285220663994551
272 10.460522651672363 1.6253906935453415 1.549896622018423 7.285233287140727
273 10.46052074432373 1.6253883987665176 1.549909875029698 7.285223001614213
274 10.460522651672363 1.6253821402788162 1.549943367135711 7.285194950178266
275 10.460524559020996 1.6253804713487625 1.5499543599435128 7.285187469795346
276 10.460522651672363 1.625385582447052 1.5499262101366185 7.285210378468037
277 10.460518836975098 1.625386729836464 1.5499200459453277 7.285215521231294
278 10.460522651672363 1.6253850609064102 1.5499278539209627 7.285208040848374
279 10.46052074432373 1.6253878772258759 1.5499137790175155 7.285220663994551
280 10.460518836975098 1.625386729836464 1.5499192240531556 7.285215521231294
281 10.460524559020996 1.6253827661275864 1.5499411069322377 7.28519775532186
282 10.460516929626465 1.6253827661275864 1.5499402850400656 7.28519775532186
283 10.460518836975098 1.625386729836464 1.5499200459453277 7.285215521231294
284 10.460522651672363 1.625385582447052 1.5499254909809679 7.285210378468037
285 10.460522651672363 1.6253816187381744 1.5499480930157006 7.285192612558603
286 10.46052074432373 1.62538443505764 1.5499324770644307 7.28520523570478
287 10.46052360534668 1.6253906935453415 1.5498981630662456 7.285233287140727
288 10.460519790649414 1.6253918409347534 1.5498919988749549 7.285238429903984
289 10.460524559020996 1.625387355685234 1.5499168611131608 7.285218326374888
290 10.460516929626465 1.6253793239593506 1.5499589830869809 7.285182327032089
291 10.46052074432373 1.6253799498081207 1.549956620146986 7.285185132175684
292 10.46052074432373 1.6253883987665176 1.5499106969218701 7.285223001614213
293 10.460518836975098 1.6253918409347534 1.5498911769827828 7.285238429903984
294 10.460522651672363 1.6253895461559296 1.5499044299940579 7.28522814437747
295 10.460516929626465 1.6253830790519714 1.5499394631478935 7.285199157893658
296 10.460524559020996 1.6253804713487625 1.5499543599435128 7.285187469795346
297 10.46052074432373 1.6253847479820251 1.549930114124436 7.285206638276577
298 10.460518836975098 1.6253918409347534 1.5498911769827828 7.285238429903984
299 10.460524559020996 1.6253924667835236 1.549888814042788 7.285241235047579
300 10.460516929626465 1.6253864169120789 1.5499207651009783 7.285214118659496
301 10.46052074432373 1.6253770291805267 1.549972236098256 7.285172041505575
302 10.46052074432373 1.6253770291805267 1.549972236098256 7.285172041505575
303 10.460522651672363 1.6253850609064102 1.5499278539209627 7.285208040848374
304 10.460522651672363 1.625395804643631 1.54986857494805 7.285256195813417
305 10.460524559020996 1.625396952033043 1.5498623080202378 7.2852613385766745
306 10.460522651672363 1.6253890246152878 1.5499067929340526 7.285225806757808
307 10.460522651672363 1.6253776550292969 1.5499698731582612 7.28517484664917
308 10.46052360534668 1.625375360250473 1.5499824070138857 7.285164561122656
309 10.460516929626465 1.6253830790519714 1.5499394631478935 7.285199157893658
310 10.460524559020996 1.6253936141729355 1.5498818279593252 7.285246377810836
311 10.460518836975098 1.6253964304924011 1.5498654928524047 7.285259000957012
312 10.460522651672363 1.6253901720046997 1.5498998068505898 7.285230949521065
313 10.460524559020996 1.6253793239593506 1.5499605241348036 7.285182327032089
314 10.46052074432373 1.6253770291805267 1.5499714142060839 7.285172041505575
315 10.46052074432373 1.62538443505764 1.5499324770644307 7.28520523570478
316 10.460516929626465 1.625394657254219 1.5498748418758623 7.28525105305016
317 10.460518836975098 1.6253964304924011 1.5498654928524047 7.285259000957012
318 10.460527420043945 1.6253901720046997 1.5499013478984125 7.285230949521065
319 10.46052360534668 1.6253791153430939 1.5499613460269757 7.285181391984224
320 10.460516929626465 1.6253781765699387 1.5499659691704437 7.285177184268832
321 10.460518836975098 1.625386729836464 1.5499200459453277 7.285215521231294
322 10.460522651672363 1.6253906935453415 1.549896622018423 7.285233287140727
323 10.46052360534668 1.6253906935453415 1.5498981630662456 7.285233287140727
324 10.460522651672363 1.625385582447052 1.5499262101366185 7.285210378468037
325 10.460516929626465 1.6253781765699387 1.5499667910626158 7.285177184268832
326 10.46052074432373 1.6253807842731476 1.549951997003518 7.285188872367144
327 10.460522651672363 1.6253906935453415 1.549896622018423 7.285233287140727
328 10.460522651672363 1.6253952831029892 1.5498724789358675 7.285253858193755
329 10.460516929626465 1.6253913193941116 1.5498935399227776 7.285236092284322
330 10.460522651672363 1.6253821402788162 1.5499449081835337 7.285194950178266
331 10.46052074432373 1.6253770291805267 1.5499714142060839 7.285172041505575
332 10.460522651672363 1.6253810971975327 1.5499504559556954 7.285190274938941
333 10.46052360534668 1.6253913193941116 1.5498950809706002 7.285236092284322
334 10.460518836975098 1.6253936141729355 1.549881006067153 7.285246377810836
335 10.460522651672363 1.6253890246152878 1.5499075120897032 7.285225806757808
336 10.46052074432373 1.6253799498081207 1.5499574420391582 7.285185132175684
337 10.460524559020996 1.6253801584243774 1.5499550790991634 7.285186067223549
338 10.46052074432373 1.6253883987665176 1.5499091558740474 7.285223001614213
339 10.460518836975098 1.6253915280103683 1.5498927180306055 7.285237027332187
340 10.46052074432373 1.6253883987665176 1.5499106969218701 7.285223001614213
341 10.460524559020996 1.6253804713487625 1.5499543599435128 7.285187469795346
342 10.460524559020996 1.6253827661275864 1.5499418260878883 7.28519775532186
343 10.460522651672363 1.6253895461559296 1.5499028889462352 7.28522814437747
344 10.46052360534668 1.6253921538591385 1.54988963593496 7.285239832475781
345 10.460524559020996 1.6253887116909027 1.5499083339818753 7.28522440418601
346 10.460522651672363 1.6253816187381744 1.5499480930157006 7.285192612558603
347 10.460524559020996 1.6253827661275864 1.5499418260878883 7.28519775532186
348 10.460524559020996 1.625387355685234 1.5499153200653382 7.285218326374888
349 10.46052074432373 1.6253878772258759 1.5499129571253434 7.285220663994551
350 10.460524559020996 1.6253839135169983 1.549935559160076 7.285202898085117
351 10.46052074432373 1.6253847479820251 1.549930114124436 7.285206638276577
352 10.460522651672363 1.6253901720046997 1.5498998068505898 7.285230949521065
353 10.460522651672363 1.6253901720046997 1.5498998068505898 7.285230949521065
354 10.460522651672363 1.625385582447052 1.5499262101366185 7.285210378468037
355 10.460522651672363 1.6253776550292969 1.5499683321104385 7.28517484664917
356 10.46052074432373 1.6253799498081207 1.5499574420391582 7.285185132175684
357 10.460522651672363 1.6253893375396729 1.54990525188623 7.285227209329605
358 10.46052074432373 1.6253929883241653 1.5498857319471426 7.285243572667241
359 10.460522651672363 1.6253895461559296 1.5499036081018858 7.28522814437747
360 10.460522651672363 1.6253816187381744 1.5499480930157006 7.285192612558603
361 10.460516929626465 1.6253816187381744 1.5499472711235285 7.285192612558603
362 10.460522651672363 1.6253890246152878 1.5499075120897032 7.285225806757808
363 10.460527420043945 1.6253901720046997 1.5499013478984125 7.285230949521065
364 10.460522651672363 1.6253850609064102 1.5499293949687853 7.285208040848374
365 10.46052360534668 1.6253836005926132 1.5499363810522482 7.28520149551332
366 10.460522651672363 1.625385582447052 1.5499254909809679 7.285210378468037
367 10.460522651672363 1.6253821402788162 1.549943367135711 7.285194950178266
368 10.46052074432373 1.6253832876682281 1.549938743992243 7.285200092941523
369 10.46052074432373 1.6253883987665176 1.5499091558740474 7.285223001614213
370 10.46052074432373 1.6253878772258759 1.5499137790175155 7.285220663994551
371 10.460522651672363 1.6253821402788162 1.5499441890278831 7.285194950178266
372 10.460522651672363 1.6253816187381744 1.5499480930157006 7.285192612558603
373 10.460522651672363 1.6253890246152878 1.5499075120897032 7.285225806757808
374 10.460522651672363 1.6253906935453415 1.549896622018423 7.285233287140727
375 10.460518836975098 1.625386729836464 1.549918504897505 7.285215521231294
376 10.460524559020996 1.6253788024187088 1.5499637089669704 7.285179989412427
377 10.460522651672363 1.6253810971975327 1.549951175111346 7.285190274938941
378 10.460519790649414 1.6253918409347534 1.5498919988749549 7.285238429903984
379 10.460522651672363 1.625394657254219 1.549876382923685 7.28525105305016
380 10.460524559020996 1.6253875643014908 1.5499146009096876 7.285219261422753
381 10.460522651672363 1.6253773421049118 1.5499706950504333 7.2851734440773726
382 10.460522651672363 1.6253776550292969 1.5499683321104385 7.28517484664917
383 10.460524559020996 1.625387355685234 1.5499153200653382 7.285218326374888
384 10.460518836975098 1.6253915280103683 1.5498927180306055 7.285237027332187
385 10.460522651672363 1.6253890246152878 1.5499075120897032 7.285225806757808
386 10.460522651672363 1.6253813058137894 1.5499488121713512 7.285191209986806
387 10.46052074432373 1.6253832876682281 1.549938743992243 7.285200092941523
388 10.460522651672363 1.6253893375396729 1.54990525188623 7.285227209329605
389 10.460522651672363 1.6253901720046997 1.5498998068505898 7.285230949521065
390 10.460522651672363 1.625385582447052 1.5499246690887958 7.285210378468037
391 10.460522651672363 1.6253773421049118 1.5499706950504333 7.2851734440773726
392 10.46052074432373 1.6253799498081207 1.5499574420391582 7.285185132175684
393 10.460522651672363 1.6253910064697266 1.5498959028627723 7.285234689712524
394 10.460522651672363 1.625395804643631 1.5498701159958728 7.285256195813417
395 10.460522651672363 1.6253901720046997 1.5499005260062404 7.285230949521065
396 10.460524559020996 1.6253793239593506 1.5499605241348036 7.285182327032089
397 10.460516929626465 1.6253781765699387 1.5499659691704437 7.285177184268832
398 10.460516929626465 1.6253864169120789 1.5499207651009783 7.285214118659496
399 10.460522651672363 1.6253890246152878 1.5499075120897032 7.285225806757808
