0 10.46809196472168
1 2705.071533203125
2 190.25613403320312
3 11.235376358032227
4 6.459987163543701
5 19.46984100341797
6 34.8537712097168
7 48.942203521728516
8 59.40679168701172
9 65.03056335449219
10 65.61039733886719
11 61.69963073730469
12 54.34043884277344
13 44.81796646118164
14 34.45391845703125
15 24.446014404296875
16 15.754606246948242
17 9.033829689025879
18 4.6041669845581055
19 2.4639439582824707
20 10.866470336914062
21 10.554974555969238
22 11.792435646057129
23 13.97931957244873
24 16.473609924316406
25 18.697526931762695
26 20.220380783081055
27 20.805919647216797
28 20.4211368560791
29 19.209745407104492
30 17.440412521362305
31 15.441669464111328
32 13.536432266235352
33 11.98659896850586
34 10.955951690673828
35 10.494987487792969
36 10.54778003692627
37 10.977063179016113
38 11.600944519042969
39 12.23310375213623
40 2.3364343643188477
41 2.456373929977417
42 2.5622711181640625
43 2.6325490474700928
44 2.6558215618133545
45 2.6313157081604004
46 2.567345142364502
47 2.4784114360809326
48 2.381593704223633
49 2.293006420135498
50 12.193294525146484
51 11.730578422546387
52 11.251553535461426
53 10.846657752990723
54 10.576918601989746
55 10.464916229248047
56 10.495617866516113
57 10.6255464553833
58 10.796941757202148
59 10.953125
60 11.051307678222656
61 11.070236206054688
62 11.011643409729004
63 10.8961181640625
64 10.755057334899902
65 10.621370315551758
66 10.521191596984863
67 10.468570709228516
68 10.46391487121582
69 10.496065139770508
70 10.546911239624023
71 10.597038269042969
72 10.63082504272461
73 10.639771461486816
74 10.623479843139648
75 10.588403701782227
76 10.54501724243164
77 10.504385948181152
78 10.475135803222656
79 10.461544036865234
80 10.463109970092773
81 10.475455284118652
82 10.492161750793457
83 10.50682544708252
84 10.514824867248535
85 10.514252662658691
86 10.506016731262207
87 10.49307632446289
88 10.47928237915039
89 10.468118667602539
90 10.461773872375488
91 10.460723876953125
92 10.463890075683594
93 10.469196319580078
94 10.474348068237305
95 10.477532386779785
96 10.477859497070312
97 10.475471496582031
98 10.471327781677246
99 10.466757774353027
100 10.463019371032715
101 10.460905075073242
102 10.460613250732422
103 10.461743354797363
104 10.463557243347168
105 10.465248107910156
106 10.46619987487793
107 10.466146469116211
108 10.465187072753906
109 10.463709831237793
110 10.462196350097656
111 10.461067199707031
112 10.460552215576172
113 10.460647583007812
114 10.461158752441406
115 10.461803436279297
116 10.462301254272461
117 10.46247673034668
118 10.462297439575195
119 10.461858749389648
120 10.46131706237793
121 10.460851669311523
122 10.460577011108398
123 10.460528373718262
124 10.460667610168457
125 10.460891723632812
126 10.461092948913574
127 10.461191177368164
