0 50.805843353271484 1.6243736773944875 41.68562633376649 7.4958449391162745
1 28.8596248626709 4.6361171286553144 24.22350931729956 0.0
2 13.1519193649292 2.026877574622631 2.6063914094922116 8.518648960627615
3 21.882471084594727 0.6210745507851243 18.31327299909026 2.9481229091761634
4 21.439414978027344 0.6046928528230637 17.973867797816638 2.860852891462855
5 12.995688438415527 1.1597783183678985 6.489838192139359 5.346072284504771
6 11.669111251831055 2.00637842528522 0.7816346772942899 8.881098757497966
7 3.512956380844116 2.6521389670670033 0.8608177230066931 0.0
8 4.896547794342041 3.0124952029436827 1.8840522564278217 0.0
9 4.57063102722168 2.9731362368911505 1.5974948790390044 0.0
10 3.1281001567840576 2.6325887832790613 0.49551122052819085 0.0
11 11.380383491516113 2.1815147511661053 0.18974928181067025 9.009119699709117
12 10.915593147277832 1.6450920961797237 1.9395838162799919 7.330918115563691
13 12.276031494140625 1.2270685574039817 5.5839256097970065 5.465036829002202
14 13.870492935180664 1.028096733149141 8.254807311313925 4.5875889784656465
15 13.534701347351074 1.0461286813952029 7.797065243910765 4.6915063937194645
16 11.933823585510254 1.2399463532492518 5.094606070166488 5.5992703647352755
17 11.035572052001953 1.5421107914298773 2.4814581759183323 7.012003468349576
18 11.292223930358887 1.835379095748067 1.2614291953751007 8.195416377857327
19 11.777475357055664 1.989721655845642 0.9964006902279452 8.791353093460202
20 11.536746978759766 1.941307275556028 0.8838336512079922 8.711605682969093
21 10.760967254638672 1.7310956474393606 0.9986797014187192 8.031191466376185
22 10.149431228637695 1.4609782490879297 1.8736417951742625 6.814811707474291
23 10.391910552978516 1.2371319141238928 3.3763343845071176 5.778444413095713
24 10.86808967590332 1.1194797866046429 4.517398355861083 5.231212230399251
25 10.83352279663086 1.1250916775316 4.4543470325682275 5.254083784297109
26 10.3612060546875 1.2398613831028342 3.340859835700542 5.7804846884682775
27 4.882685661315918 1.4217101782560349 2.039265078319766 1.4217101782560349
28 4.349599361419678 1.7042405297979712 0.9411185762975325 1.7042405297979712
29 4.625021934509277 1.995457673445344 0.7268560450486068 1.9027084149420261
30 4.842509746551514 2.1866444628685713 0.9667048403995868 1.689160417765379
31 4.702877521514893 2.215121705085039 0.9604575100140004 1.5272985734045506
32 4.650496006011963 2.0916451886296272 0.6598301692934049 1.8990202154964209
33 4.318802833557129 1.8770578242838383 0.5646874820926798 1.8770578242838383
34 4.322998046875 1.6630292311310768 0.9969396215749353 1.6630292311310768
35 10.069103240966797 1.524570089764893 1.6065593942465761 6.937974762171507
36 10.17107105255127 1.395744134671986 2.4360251915865736 6.339300877414644
37 10.34488296508789 1.3257450992241502 3.0028403452989147 6.016299002803862
38 10.324874877929688 1.334604125469923 2.933317217441889 6.05695366859436
39 10.150373458862305 1.4136179769411683 2.3152434421615826 6.421511797234416
40 10.059624671936035 1.5298483679071069 1.5704771275808367 6.959298100322485
41 10.137446403503418 1.6346660796552896 1.0554909744726877 7.447289198637009
42 10.224583625793457 1.682647841051221 0.8653986865756215 7.676536184735596
43 10.175019264221191 1.6542784636840224 0.9634366415320509 7.557303815148771
44 10.057666778564453 1.5660978686064482 1.3268421966670445 7.164725757203996
45 10.02611255645752 1.4593399539589882 1.8803384373470928 6.6864332323893905
46 10.087929725646973 1.3771372782066464 2.3911877456507087 6.319604704156518
47 10.115917205810547 1.3465267308056355 2.580827232676906 6.188562382943928
48 10.051509857177734 1.3715442959219217 2.3676362185710627 6.312328930012882
49 9.97894287109375 1.4345516208559275 1.9337284882773003 6.610663151368499
50 9.979506492614746 1.5029734978452325 1.5429195343483404 6.933613898232579
51 10.011625289916992 1.5421325759962201 1.3479356586267632 7.121555543504655
52 9.991548538208008 1.5323472823947668 1.3761403366522345 7.08306035771966
53 9.926559448242188 1.4787940280511975 1.6051823972806973 6.842582728713751
54 9.889720916748047 1.407143077813089 1.963980206303683 6.518598440103233
55 9.899496078491211 1.3481843685731292 2.297416570138371 6.253895523026586
56 9.901580810546875 1.32304204441607 2.4324223485018135 6.146116747520864
57 9.866589546203613 1.335702732205391 2.3170402383360997 6.213848180137575
58 9.833452224731445 1.373097269795835 2.063074453491378 6.397280589677393
59 9.835922241210938 1.4116273457184434 1.837674297314713 6.5866205133497715
60 9.849093437194824 1.4283798653632402 1.7461035801968232 6.674609394744039
61 9.836708068847656 1.4127505822107196 1.8123040405842232 6.611653792671859
62 9.810791969299316 1.3721270440146327 2.0074175152799834 6.431248179636896
63 9.80258846282959 1.3264605635777116 2.249837047403404 6.226291076280177
64 9.806140899658203 1.2966648880392313 2.4151006254126206 6.094375972636044
65 9.794074058532715 1.2942156288772821 2.4099582080622426 6.0899012461304665
66 9.768092155456543 1.3170218039304018 2.2483387692014225 6.202730890363455
67 9.753339767456055 1.3512410232797265 2.0344119650391894 6.3676874451339245
68 9.753798484802246 1.378350199200213 1.8773319576581349 6.498116495087743
69 9.74998664855957 1.3849958404898643 1.833794975640842 6.531196146272123
70 9.737831115722656 1.3701648181304336 1.904661894606083 6.463005227968097
71 9.731877326965332 1.3447994654998183 2.0419207649498263 6.345156240276992
72 9.736198425292969 1.3245399706065655 2.1604959344190218 6.251162001863122
73 9.737142562866211 1.3205993808805943 2.1827479181611746 6.2337944228202105
74 9.72885799407959 1.3342592110857368 2.0950553481046477 6.299543721601367
75 9.72159194946289 1.357049137353897 1.9560079659980665 6.408535040915012
76 9.720184326171875 1.3754929164424539 1.8465840401578932 6.498106055893004
77 9.717050552368164 1.379078603349626 1.818983797345226 6.5189878875389695
78 9.708470344543457 1.3660664623603225 1.879777094665807 6.462626542896032
79 9.702154159545898 1.3441908909007907 1.9933536095770117 6.364610102027655
80 9.701581954956055 1.3251249380409718 2.096223989687841 6.280233406461775
81 9.70056438446045 1.3177533643320203 2.1317070704506995 6.251103623770177
82 9.696256637573242 1.323364157229662 2.0895992367292755 6.283292940817773
83 9.693653106689453 1.335904285311699 2.0098329495924667 6.3479162491858006
84 9.693668365478516 1.345832516439259 1.9482800186826301 6.399556771852076
85 9.69183349609375 1.3463353710249066 1.9400866893395197 6.40541060641408
86 9.687658309936523 1.337311583571136 1.9852108435984093 6.36513529997319
87 9.685026168823242 1.3249526442959905 2.0519093280411838 6.308164535090327
88 9.684700965881348 1.3173195822164416 2.0942010882240405 6.273180081509054
89 9.683539390563965 1.3189610363915563 2.0824441676811745 6.282133547589183
90 9.681556701660156 1.3282764572650194 2.0252163288618297 6.328063839115202
91 9.681181907653809 1.3388876151293516 1.961399893452143 6.380893329158425
92 9.681570053100586 1.3437982555478811 1.9306510996575608 6.407120669260621
93 9.68021297454834 1.3397461334243417 1.9491257605226608 6.391341810114682
94 9.678299903869629 1.3292457489296794 2.003633344174795 6.345420476980507
95 9.677566528320312 1.318427641876042 2.0608168518575067 6.298322422429919
96 9.676996231079102 1.3128102496266365 2.0878142621955718 6.276371176354587
97 9.675712585449219 1.3139311727136374 2.0752584172935657 6.286523669026792
98 9.674996376037598 1.3188323182985187 2.0418962851852736 6.3142680721357465
99 9.675094604492188 1.3225449100136757 2.017320423024647 6.335229926742613
