0 238.69305419921875 1.3806700883433223 230.9720710068941 6.340308957733214
1 27.842565536499023 0.35263866442255676 25.889619203284383 1.6003059635404497
2 4.566808223724365 2.414611503481865 0.25720897013465205 1.8949875608086586
3 17.574234008789062 4.529179215431213 13.045053501613438 0.0
4 23.56745147705078 5.110036350786686 18.457412808202207 0.0
5 17.88906478881836 4.641869142651558 13.247197350370698 0.0
6 13.04189682006836 3.9929922316223383 8.3623431570978 0.6865618247538805
7 17.453227996826172 2.0007006502710283 10.117635540178114 5.334892100596335
8 15.05076789855957 1.4737198543734848 7.780766617343467 5.796281488146633
9 10.469928741455078 1.7958996696397662 2.0690235447659595 6.605005430057645
10 8.427363395690918 2.146713194437325 0.4257658848058832 5.854884184896946
11 7.208700180053711 2.160823490470648 0.278067251892654 4.7698091277852654
12 10.486988067626953 1.812608102336526 0.8725244541716907 7.801855401135981
13 11.111723899841309 1.275169623317197 4.0408558333074325 5.795698861009441
14 9.819188117980957 1.4999564765021205 1.5688306937763628 6.750401241704822
15 9.499359130859375 1.904845241457224 0.5692609625152274 7.025252399966121
16 9.820749282836914 1.2029298357665539 3.2286148120183498 5.389204405248165
17 10.159774780273438 0.9673401527106762 4.830983304680558 4.36145172920078
18 9.831809997558594 1.6220520436763763 1.1750026504181443 7.034754733555019
19 8.483159065246582 1.120016535744071 2.293837498767437 5.069305824115872
20 8.85348129272461 0.8141704136505723 4.298996966838331 3.7403140797978267
21 8.183296203613281 1.320614186115563 0.814628631518846 6.048054083716124
22 7.300788402557373 1.0386934492271394 1.3907657757563339 4.8713288807775825
23 7.987964630126953 0.6920973910600878 3.9686811208462656 3.327185496456309
24 7.400742530822754 0.9694177065975964 1.6571939927091386 4.774130359990522
25 6.949598789215088 0.7726185019710101 2.2647535095820412 3.9122269228464575
26 7.573452949523926 0.5523987994663697 4.252657624079659 2.768396873504467
27 6.781892776489258 0.6962066298001446 2.4124719418414413 3.6732134749472607
28 6.117557525634766 0.5999379082932137 2.298748803187431 3.218870433716802
29 6.415199279785156 0.3954400358834391 3.841377422306371 2.1783819409619127
30 5.789788722991943 0.5417634091572836 2.2245805233533256 3.0234449608251452
31 6.033411502838135 0.59622742398642 2.098792814597593 3.338391180848703
32 6.0063676834106445 0.3449063145671971 3.5681287503281043 2.0933320593321696
33 5.647009372711182 0.3803272197255865 2.96499279433291 2.301689809653908
34 5.818521499633789 0.5139972933102399 2.297378788133642 3.0071451764088124
35 5.359559059143066 0.33417333581019193 2.931391086696137 2.0939944893470965
36 5.417537689208984 0.28774809854803607 3.2965264990764354 1.8332635432052484
37 5.3383283615112305 0.43451206968165934 2.281109933655552 2.622706601425307
38 5.163802623748779 0.4047522377950372 2.326805121102468 2.4322452135456842
39 5.319025039672852 0.3303011106102076 3.005947288653929 1.9827763334643265
40 5.079014301300049 0.43625039656762965 2.0750755679420667 2.567688297800487
41 5.1177592277526855 0.4784989026375115 1.83447729965118 2.8047824499371927
42 5.046877861022949 0.34758351035998203 2.5687422121421193 2.130551996502618
43 4.893061637878418 0.355854067573091 2.305226165232516 2.231981582008302
44 4.96282434463501 0.40685425989795476 1.9768643438350768 2.579105700715445
45 4.821042537689209 0.28380216428195126 2.577240845962571 1.9599993727606488
46 4.835063934326172 0.24546391802323342 2.803140991985162 1.7864589488963247
47 4.830138206481934 0.3149232541472884 2.2852433567576886 2.229971256791032
48 4.678346633911133 0.2680626266883337 2.4513811531746956 1.9589028754965057
49 4.680126667022705 0.24934293840402044 2.601625684766814 1.8291583353888174
50 4.608707904815674 0.33504451940643776 1.9345755431151266 2.339088310388888
51 4.530068397521973 0.32556531084187945 1.9310444642284996 2.2734588416753194
52 4.557463645935059 0.29122762201501723 2.2067573061861676 2.059478964498841
53 4.47152042388916 0.3388433749014155 1.74379545779565 2.3888818372111045
54 4.417082786560059 0.32145708100918724 1.765184657613848 2.3304409541910616
55 4.402562618255615 0.2640039500576279 2.1279795529168535 2.010579051106319
56 4.318844795227051 0.27536270422868725 1.8553781939088099 2.1881041392023137
57 4.294875144958496 0.2607487100676795 1.864856102640632 2.1692699110653275
58 4.2853007316589355 0.21964971612482923 2.1529230349109962 1.9127279399885584
59 4.215620517730713 0.24237097965091836 1.880959842636016 2.0922895853883503
60 4.1863226890563965 0.25987466696978245 1.7526958446254302 2.173752179778077
61 4.164602279663086 0.25391448609212697 1.856070364858529 2.0546177454330947
62 4.121206283569336 0.2836735355687394 1.5588563181488826 2.278675908226827
63 4.108236789703369 0.29593494729936065 1.4639842569091672 2.3483174422202175
64 4.096973896026611 0.2837004619129757 1.5783594007228703 2.2349137307274516
65 4.062062740325928 0.29625865761402165 1.4335713038914015 2.332232540241365
66 4.043747425079346 0.2921324371478331 1.4216226786123527 2.329992079374067
67 4.024761199951172 0.2658595333559788 1.5937359260265658 2.165165594228055
68 3.9931154251098633 0.26074137647100315 1.5149221941270843 2.2174515849957857
69 3.9753518104553223 0.24933287294554418 1.5274316660337113 2.198587257014104
70 3.9568796157836914 0.2300253146409228 1.6483080344881977 2.07854617179187
71 3.921308994293213 0.23758822775078414 1.5252139181214046 2.158506865811127
72 3.890368938446045 0.2380643866799801 1.5072105918945946 2.1450937496933764
73 3.8703131675720215 0.23480567869353308 1.542211870932189 2.0932955872598065
74 3.8467204570770264 0.2430336077941888 1.4160839088095667 2.187602966908006
75 3.820671796798706 0.22959292083815797 1.4940924079400881 2.0969866189186472
76 3.795530319213867 0.2229591604061678 1.492005563194128 2.0805653543770273
77 3.7728822231292725 0.2167111302572664 1.4855014454440765 2.070669523504968
78 3.751312255859375 0.19761717867342554 1.6175885325429877 1.9361064591849761
79 3.729887008666992 0.19833574750930438 1.5448867731082718 1.9866644005311218
80 3.7042360305786133 0.18294890068711522 1.6575551054220583 1.863731973621412
81 3.6762619018554688 0.18758385162291802 1.5541904131433184 1.9344880522749421
82 3.648782253265381 0.1810565611182695 1.600059062362415 1.8676664963834682
83 3.6228151321411133 0.1888299347306761 1.4992524960075733 1.9347326476696842
84 3.598048448562622 0.1846763887974583 1.5330141953925567 1.8803576328809037
85 3.574272871017456 0.18804137947147836 1.4566464707495828 1.9295850743088785
86 3.5517773628234863 0.1748800749745687 1.5476679503797537 1.8292291687829252
87 3.5373735427856445 0.17835677554787832 1.4363523037153527 1.9226643654190276
88 3.5529685020446777 0.15533009749408677 1.701276627869578 1.6963615915378354
89 3.6814351081848145 0.19161459542876003 1.4040514393819905 2.085769378892607
90 4.211693286895752 0.15020950946740186 2.5969813597432774 1.4645024743771131
91 5.0907158851623535 0.3397198611346539 2.2516592239772892 2.499337027868023
92 6.266435623168945 0.13666650848568906 4.875753429900343 1.2540156877420294
93 4.1649580001831055 0.2839804911054671 1.282587302730385 2.598390131170163
94 3.7451601028442383 0.2395204020795063 1.1376206852102617 2.3680189757542394
95 4.920149803161621 0.184282731031999 3.253417210494143 1.482449784020572
96 3.458127737045288 0.2028352747076667 1.1377131030673842 2.1175792935337405
97 3.9910998344421387 0.26183065546501894 1.3342518164209154 2.3950174190395046
98 3.620988368988037 0.12172581344974276 2.009096541079626 1.4901663236787845
99 3.7145023345947266 0.1156375154925513 2.1745963856356454 1.4242684587780268
100 3.587737560272217 0.1926676103093996 1.2730921641537782 2.1219775691058658
101 3.5107712745666504 0.18378950384962423 1.2569719570831537 2.0700100195535147
102 3.4627976417541504 0.1217003336041671 1.846788387623778 1.494309115296005
103 3.404064416885376 0.11582174780858168 1.798538285489887 1.4897042753643004
104 3.2976810932159424 0.17403957454371266 1.1365320859353125 1.987109757390499
105 3.365529775619507 0.18431861045246478 1.1193985769068515 2.06181276425923
106 3.1428189277648926 0.1083674219133186 1.4916088162855907 1.5428428972501969
107 3.2928223609924316 0.09290237673121737 1.7921216009944074 1.407798372712758
108 3.0252370834350586 0.11265476485372705 1.2512632987897492 1.6613188723337193
109 3.2017197608947754 0.1359581552042073 1.1957849494446928 1.8699767857569896
110 2.9493448734283447 0.08978807639484246 1.306862701496205 1.5526940475021347
111 3.079137086868286 0.06483524304348975 1.688869928477279 1.3254319010520703
112 2.889759063720703 0.07101050535462061 1.3788500972805062 1.4398986173031914
113 2.931027889251709 0.10840581829688745 1.1009816185069399 1.7216406790576002
114 2.813523054122925 0.09548088017936607 1.0722529913009327 1.6457891702141687
115 2.8112893104553223 0.07372293151274789 1.283444292708443 1.4541220167084248
116 2.764528274536133 0.07316241386070033 1.2263277911910855 1.4650381435949384
117 2.6719295978546143 0.08681208667280704 0.9470377740508333 1.6380797480225706
118 2.6857857704162598 0.08841025479796372 0.900265038469287 1.697110379552214
119 2.5780227184295654 0.05886525810721155 1.0482657623308316 1.4708916320129353
120 2.5906753540039062 0.04905950929332903 1.1566169716687855 1.3849986277373318
121 2.4818930625915527 0.05138683309804293 0.928201365144247 1.502305069625515
122 2.499006509780884 0.05708476931589668 0.8359352090684908 1.6059865551070274
123 2.3999202251434326 0.041670222791628575 0.8839127830207518 1.474337442989807
124 2.4096598625183105 0.03544640351901762 0.9870658387788634 1.387147654988837
125 2.328281879425049 0.033366983090859614 0.8383587537619064 1.4565562590676786
126 2.3352067470550537 0.04015176282018729 0.7331445970992957 1.561910322593576
127 2.257826328277588 0.028741107864198367 0.7564045926360992 1.4726806398725563
128 2.2532830238342285 0.02698344664713659 0.8063219969459418 1.4199773251941679
129 2.175535202026367 0.023620854792404167 0.6714896536651227 1.4804248106333104
130 2.163609504699707 0.027993358942694613 0.5723655223598494 1.5632506220836149
131 2.092761516571045 0.019641952070747593 0.586920108712611 1.4861994228322717
132 2.0771567821502686 0.01856193148159946 0.5973838235147545 1.4612111661178915
133 2.0219974517822266 0.017215974924962296 0.4649350747965755 1.5398460872016526
134 2.0017054080963135 0.01611901642036173 0.41528032956817257 1.5703062033465471
135 1.9669368267059326 0.00994857982141184 0.4636427088727699 1.4933456378306031
136 1.9367742538452148 0.006545326061903722 0.42777798843705594 1.502450862077227
137 1.9285571575164795 0.008291717179417901 0.3359806503882254 1.584284619031223
138 1.896236777305603 0.003515517759215242 0.3377242989248883 1.5549970160327995
139 1.8984558582305908 0.0037143749059396214 0.3485343653282109 1.546207175386695
140 1.8844326734542847 0.002747913802205959 0.2730683938702576 1.608616284233981
141 1.8732857704162598 0.0011610548712548685 0.26662649511206293 1.605498256397963
142 1.879605770111084 0.0018691336287575133 0.29021589547158966 1.5875206697139992
143 1.8676308393478394 0.0008055258655646214 0.21621983828708874 1.6506054798853642
144 1.8651150465011597 0.000574779905941708 0.20296628932029387 1.6615739396822984
145 1.873741865158081 0.002182161176961017 0.2350788576764669 1.6364808360514438
146 1.868775486946106 0.001313201643085904 0.17927714149044183 1.6881850898081723
147 1.8686027526855469 0.0012887796571847965 0.17409367636258433 1.693220290997543
148 1.8784245252609253 0.0036331093660919578 0.19728440972225336 1.6775069976288641
149 1.879032850265503 0.002723159051129187 0.15746334321052208 1.7188461741625503
150 1.877261996269226 0.002995604745426289 0.17314382434305056 1.7011224095254556
151 1.8831539154052734 0.004277309857570799 0.1871082756808289 1.6917684013923573
152 1.885166049003601 0.003320260692817101 0.15375446530455186 1.7280911372553867
153 1.8797452449798584 0.0038670658955197723 0.18125437675952652 1.6946237907807475
154 1.8780213594436646 0.003721900984418519 0.18459479450612412 1.6897047107988923
155 1.878683090209961 0.002816200206098074 0.16071265851087257 1.715154231854747
156 1.873990774154663 0.0031558760852874457 0.18823405088363385 1.6826007648064327
157 1.868640422821045 0.002121488737916677 0.17877642885594253 1.6877424518701685
158 1.8676323890686035 0.0017907321436041457 0.17088982639293523 1.6949520268438967
159 1.8654571771621704 0.002039771459635631 0.1969289952848346 1.6664884252377021
160 1.8609389066696167 0.0009099503167942224 0.17861469800283722 1.6814142357502224
161 1.8592982292175293 0.0007101488399285927 0.1815465001633897 1.677041652521464
162 1.859103798866272 0.001013592989636436 0.20718924878059528 1.6509008628397162
163 1.8566572666168213 0.0004285889399113785 0.19258100941611334 1.663647599257382
164 1.8549861907958984 0.0002176783825982298 0.20160281838329328 1.6531655631023467
165 1.8553797006607056 0.0003722129471164237 0.22039681012649112 1.634610672432028
166 1.8545773029327393 0.000205897849356651 0.21100279871086386 1.643368498833192
167 1.8534657955169678 9.896136768527963e-05 0.22699486920027973 1.6263720794709065
168 1.8540897369384766 0.00019959843525188536 0.23990369785986904 1.6139865195897332
169 1.8543636798858643 0.0002155548154738618 0.23037007721319572 1.6237780647405167
170 1.8539154529571533 0.00013644351078298533 0.24610253484541503 1.607676540393483
171 1.8545610904693604 0.00017462128334244653 0.2548627829963295 1.599523453281335
172 1.8552000522613525 0.00028732936852285396 0.24545400318789135 1.6094585959461303
173 1.8549435138702393 0.00019724715573432583 0.25691281231731644 1.5978334776703813
174 1.8551081418991089 0.00020442210775331593 0.25845170241829984 1.5964518151969977
175 1.8554755449295044 0.0002993471337373599 0.25016431558433083 1.6050119700437566
176 1.8551441431045532 0.00020998257240423257 0.25930547454414643 1.5956287028069267
177 1.8548474311828613 0.00020950506156475202 0.25420703263063094 1.6004310231687082
178 1.8549275398254395 0.0002658769626396329 0.24611426191176974 1.6085474264962698
179 1.854608416557312 0.00018540146819745473 0.25436221905054723 1.6000607804995832
180 1.8540892601013184 0.00015346399039803393 0.2475292531750093 1.6064066249727842
181 1.853933334350586 0.00016812823462775128 0.24172381926532935 1.6120413816260721
182 1.8537654876708984 0.0001438776429825428 0.24634722871266135 1.6072743994778556
183 1.8533351421356201 0.00012706854160729475 0.23740016535568909 1.6158079028962913
184 1.8530631065368652 0.00010593674820602583 0.23650760104132384 1.6164495274489832
185 1.8529967069625854 0.00011197480844060692 0.23900440487063215 1.613880290117247
186 1.8528189659118652 0.00010886136693244453 0.22946874120317534 1.6232414176079368
187 1.8525605201721191 9.984723852390909e-05 0.23198784116338794 1.620472968710211
188 1.8524649143218994 0.00011185704091920545 0.23144035113362765 1.6209126541525365
189 1.8524444103240967 0.0001240966599772575 0.22539458112012245 1.6269257339298981
190 1.8523370027542114 0.0001565243689434226 0.22992314649860962 1.6222572916222964
191 1.8522106409072876 0.00014725288418090954 0.22546779392953425 1.6265957660371655
192 1.8522014617919922 0.0001634912064762406 0.22381407846391016 1.628223930207304
193 1.852239727973938 0.00020248743616127496 0.2262410740770325 1.6257961023066738
194 1.852196216583252 0.00018424844828104914 0.21965952353452486 1.6323524916527286
195 1.8521220684051514 0.00020475734719849203 0.2214686122494245 1.630448669357681
196 1.852126955986023 0.00021471865405203738 0.22108204505967718 1.6308301725045773
197 1.8521735668182373 0.00020384190666192237 0.21738457917607654 1.6345851266802371
198 1.8521497249603271 0.00022986241203895585 0.22165949972838797 1.6302602532195876
199 1.8520649671554565 0.00019974390043006607 0.21878410077280824 1.6330811671695682
200 1.852011799812317 0.00020363329225811522 0.22090748954547124 1.6309006871418879
201 1.8520033359527588 0.0002133651975526618 0.22318902223441414 1.6286008155874605
202 1.851999044418335 0.00019546178814702775 0.22047559933662497 1.631328039472219
203 1.8519377708435059 0.0002031206070443048 0.2238794128328472 1.62785527006442
204 1.8518702983856201 0.0001820134547594887 0.22130768660727598 1.6303805760777745
205 1.8518292903900146 0.00017875252211213555 0.22173358910914148 1.62991690672322
206 1.8518102169036865 0.0001842990705509806 0.22320144240133657 1.6284244921181708
207 1.8517869710922241 0.00016859165744986804 0.22137938874397736 1.6302391296576415
208 1.8517447710037231 0.00017115828213340456 0.2245920593710233 1.6269816083718018
209 1.8517042398452759 0.00015465419688312498 0.22337716558270285 1.62817236980918
210 1.8516722917556763 0.000153349810829706 0.2247753931537523 1.6267436184119282
211 1.8516535758972168 0.00015797427134764397 0.22659457565546878 1.6249010929352548
212 1.8516466617584229 0.000151775444400426 0.22540789946917109 1.626087015322235
213 1.8516416549682617 0.00015962564126859036 0.22827831107351795 1.623203918702641
214 1.8516181707382202 0.000143713855737998 0.22567355523937355 1.6258008805381516
215 1.8516008853912354 0.00014817490674012834 0.22773228445839244 1.6237203051992535
216 1.8515851497650146 0.0001450150560183272 0.22767248378533406 1.6237677224162357
217 1.8515743017196655 0.00014026327707067354 0.2274913107586581 1.623942600849843
218 1.8515725135803223 0.0001439432067809332 0.22988176701325871 1.6215467757380426
219 1.8515652418136597 0.00013277602671968314 0.2277674129761623 1.6236650026087398
220 1.8515551090240479 0.00014016648796588704 0.230648157245503 1.6207667716782872
221 1.8515263795852661 0.00013699863652794075 0.22893924402724294 1.6224500296351172
222 1.85150945186615 0.00014184003236938914 0.2297284529099376 1.6216391671457187
223 1.851502537727356 0.00013979572833619502 0.22919655337276884 1.6221660497052397
224 1.8514957427978516 0.00013628411087054926 0.22789177648830167 1.623467718746743
225 1.8514835834503174 0.0001446050996449788 0.22993067242733334 1.621408488601378
226 1.8514682054519653 0.00014183565826719757 0.2283899416409074 1.6229364734059244
227 1.8514596223831177 0.00014965244499620667 0.23074949267081554 1.6205604224965167
228 1.8514412641525269 0.00014116202765329655 0.228862325533914 1.6224375962545086
229 1.8514175415039062 0.00014446891372088544 0.2296985712919709 1.6215746158111324
230 1.8513911962509155 0.00014905955774874302 0.22865735841048132 1.6225846797380301
231 1.851380467414856 0.0001579499269802609 0.22875296040238047 1.6224696072357438
232 1.851364016532898 0.0001594763223361495 0.22839117058160419 1.622813530802957
233 1.851346492767334 0.00015536675161242908 0.22759727643482702 1.62359376432257
234 1.8513381481170654 0.00015778221628195976 0.22803906171282 1.6231412535968621
235 1.8513251543045044 0.00015816092021767036 0.2274350562503294 1.6237318749205847
236 1.8513126373291016 0.00016402041706869985 0.22807874923781982 1.6230696635942783
237 1.8512954711914062 0.00016120533510607937 0.2265346838488395 1.6245996611119289
238 1.8512901067733765 0.0001669349986708757 0.22731666578217177 1.6238065309041512
239 1.8512787818908691 0.00016177422107799266 0.2259195478478725 1.6251975365279427
240 1.8512665033340454 0.00017169870225774986 0.22802582189113083 1.6230689383285664
241 1.8512599468231201 0.00016223591347630517 0.22630701496887676 1.624790575593457
242 1.851245403289795 0.00016822885506709295 0.22760946816037608 1.6234677650798575
243 1.8512357473373413 0.0001655415371465685 0.22638048822507176 1.6246895795101841
244 1.8512251377105713 0.00017350201534047094 0.2279999686867304 1.6230517548043295
245 1.8512126207351685 0.00016599126439564849 0.22697652176972571 1.6240701589909907
246 1.8512020111083984 0.00016843757242626656 0.2282317904959666 1.6228016344007412
247 1.8512022495269775 0.0001661914215527749 0.22743107918396263 1.623604895353335
248 1.851191759109497 0.0001764462362670305 0.22941351577755506 1.621601675093747
249 1.8511841297149658 0.00016710421868662562 0.2269480006145631 1.6240690513119866
250 1.8511857986450195 0.0001805785858532971 0.22925244454310897 1.6217527341226903
251 1.8511943817138672 0.00017040001554474715 0.22609227246382133 1.6249317341309713
252 1.8512219190597534 0.00019467927300143018 0.23076838116854445 1.6202587458110682
253 1.851290225982666 0.0001752820905611685 0.22440901416753697 1.626705853238802
254 1.8515082597732544 0.0002379397878327083 0.2335148933445766 1.6177554907219915
255 1.8519783020019531 0.0002457821090242618 0.22067665580679335 1.6310557529059275
256 1.8531649112701416 0.000495057232397178 0.2422371604331438 1.61043270167597
257 1.8559609651565552 0.0007215371030580287 0.21059620283233474 1.6446432158685305
258 1.8625552654266357 0.0018056775913708467 0.26211693569056543 1.5986325635443976
259 1.8784544467926025 0.0036174117373590775 0.1924898401772223 1.6823471602165023
260 1.9157512187957764 0.008899269828788192 0.3250442285084696 1.5818076452773944
261 1.9988058805465698 0.0188438270703557 0.1780217154675792 1.8019404415641809
262 2.16569447517395 0.03986217431065597 0.5240367871291056 1.6017954675300952
263 1.9669585227966309 0.06578715663090406 0.2501327389683222 1.6510386226127594
264 2.3297510147094727 0.06020988474119804 0.6408936120190607 1.6286476407767623
265 1.9228543043136597 0.018937632811685035 0.18898843933079099 1.7149281725637593
266 1.8599714040756226 0.0003981258402994403 0.2510246795315595 1.6085486808918097
267 1.9843326807022095 0.012225914708437813 0.4275530806217791 1.5445536270234392
268 1.9575669765472412 0.023149142467445927 0.18622211748544856 1.7481956460032961
269 1.9220507144927979 0.008723403677796782 0.3477209318200555 1.5656062224262755
270 1.8803296089172363 0.0029251394397976083 0.31218805291176 1.5652163184350194
271 1.9888157844543457 0.016228546053753234 0.19170208184780096 1.780885145688444
272 1.9268710613250732 0.005921405156985193 0.3947014854328855 1.5262481370241252
273 1.8656889200210571 0.0016316669325870947 0.28104370587245897 1.5830135884244567
274 1.955299973487854 0.008555866150345537 0.20111963239142794 1.745624526899519
275 1.9046318531036377 0.004030314272341684 0.3809333649180311 1.5196681994004833
276 1.8654448986053467 0.0006146858427254487 0.30549049269530737 1.5593398595367174
277 1.9283807277679443 0.007992162780283252 0.18766898859688172 1.732719642104712
278 1.8785560131072998 0.0019783125414565284 0.3151208323103766 1.5614569302360897
279 1.870605707168579 0.0012910467366644696 0.3059136376571048 1.5634010989121556
280 1.9073429107666016 0.0052906622502177925 0.19798808865327977 1.70406427944868
281 1.8608410358428955 0.0005692849460061655 0.2801387660332078 1.5801329238416086
282 1.877617359161377 0.0020447844723239517 0.3071350229960058 1.5684375440838416
283 1.8863117694854736 0.0033171000055745026 0.18304024583395548 1.6999543294361388
284 1.8547086715698242 0.00022583380954360743 0.24199632785908928 1.6124864672793122
285 1.880096197128296 0.0022168961826309896 0.32138082851527955 1.5564983059946012
286 1.8689286708831787 0.0014857009929374332 0.19748145904905218 1.6699614868326367
287 1.8569178581237793 0.00035227644008228864 0.21035019529637247 1.6462153495462546
288 1.8760662078857422 0.002001022404328978 0.3012732668315824 1.5727918229215059
289 1.858443260192871 0.0006566985699994199 0.2107216773400564 1.6470647626719306
290 1.8607442378997803 0.0007337937006959838 0.20474990872497806 1.655260523629689
291 1.8690650463104248 0.0019248218416123564 0.28141206789504114 1.585728091642141
292 1.854211449623108 8.679248791970684e-05 0.21294639482115524 1.6411782935647767
293 1.8625985383987427 0.0008316556930410002 0.1908139802295383 1.6709527707422716
294 1.8622891902923584 0.0010509546278285598 0.266762453475384 1.594475757897358
295 1.8538050651550293 0.0002460302972773498 0.22740710943962314 1.6261519146816277
296 1.8623532056808472 0.0005718816644204594 0.18705782918268013 1.6747236130856624
297 1.8573594093322754 0.0007789393073025508 0.24384966200090855 1.612730712479653
298 1.8548178672790527 0.00041247776001696046 0.23737836903648982 1.6170269951331107
299 1.860449194908142 0.0006891400302309059 0.19570432329095794 1.6640557709476
300 1.8545430898666382 0.00036990289930832754 0.23598906398161293 1.6181840754504433
301 1.8557946681976318 0.0005670095360572613 0.24134381718878584 1.613883784187339
302 1.858066201210022 0.00035576404280826535 0.20060901019282845 1.657101300595158
303 1.8534786701202393 0.00020590149115820577 0.23261919776251433 1.6206535245847091
304 1.8561404943466187 0.0004985637893817341 0.2506000291504217 1.6050418226422014
305 1.855999231338501 0.0002215779371339821 0.2064804265781047 1.649297232421057
306 1.8532841205596924 0.0001041493164937457 0.2233370747589872 1.6298428136106875
307 1.8559283018112183 0.0005232829527130889 0.2508044446263416 1.6046004785391386
308 1.8545055389404297 0.0001798545882875091 0.21639050766801504 1.6379351006430833
309 1.8534464836120605 0.00010427378206076532 0.22111721340691723 1.6322249781543134
310 1.855353593826294 0.000390134433992273 0.2461060321606833 1.6088573562089863
311 1.853593349456787 0.00010466332619829544 0.21880706775377476 1.6346816358828398
312 1.8536573648452759 0.00012428886879822798 0.2205289001209648 1.6330042751733833
313 1.8546552658081055 0.0003159228594427077 0.24660465414815144 1.607734880060324
314 1.8531649112701416 8.775829947202385e-05 0.22402345347776467 1.6290537071823865
315 1.8537077903747559 0.0001078829172840301 0.21853847460710096 1.635061627625777
316 1.854048490524292 0.00023863442969940252 0.24399008749430953 1.6098197544382298
317 1.8530009984970093 0.00010205206988364579 0.23075861643137513 1.6221404517459983
318 1.853644847869873 0.0001185190187760754 0.22203593999198534 1.6314904729303483
319 1.8536468744277954 0.00019689842054051998 0.24129539647715043 1.612154589471779
320 1.8529539108276367 9.397695106741488e-05 0.2313059074112366 1.6215541132732674
321 1.8535248041152954 0.000133375855207174 0.22277202525211465 1.6306194942769001
322 1.8533381223678589 0.00017707663042454413 0.24040440445344616 1.6127566802147106
323 1.852927327156067 0.00012052711066878885 0.23214343980779722 1.6206632570106008
324 1.8533666133880615 0.0001062000229826443 0.22154963144427467 1.6317106940376167
325 1.8531410694122314 0.00015935781181583564 0.23657509134046537 1.6164065568437016
326 1.8529067039489746 0.0001296744403585237 0.23300865643468324 1.6197683901490667
327 1.8532036542892456 0.00012197048698148194 0.2233464135151618 1.629735146026925
328 1.8530035018920898 0.00015191874172967856 0.23422866657437766 1.6186229079661156
329 1.8528834581375122 0.0001306012192332784 0.23126521313581244 1.6214876653495875
330 1.8530948162078857 0.00012149371386982466 0.22355308212202626 1.6294202048933855
331 1.8529454469680786 0.0001446186451042608 0.23305818464841685 1.6197425954586475
332 1.8528581857681274 0.00012925936808508287 0.2300741390043774 1.6226548350563719
333 1.8530025482177734 0.00010956574229936678 0.22243617423892714 1.630456764208537
334 1.8528945446014404 0.0001481560509895563 0.23134764429937876 1.6213987631897135
335 1.8528462648391724 0.00013827430919594041 0.23023388983154863 1.6224740454361841
336 1.8529499769210815 0.00011602369280439007 0.2238947322351783 1.6289393746097502
337 1.8528707027435303 0.00013242617465580864 0.2305794252381046 1.6221586882207737
338 1.852822184562683 0.00012639754567517203 0.22951843591766796 1.6231772557467234
339 1.8528934717178345 0.00011878091140360425 0.2253527291220597 1.6274219102191303
340 1.8528326749801636 0.0001442063881952338 0.2317699971358673 1.6209185121141285
341 1.8527880907058716 0.00012879805971535707 0.22978696644979454 1.6228722218060458
342 1.8528538942337036 0.00011362881310361672 0.22552603282193961 1.6272142300433936
343 1.8528215885162354 0.00013885267644234145 0.2317183756712476 1.620964258889364
344 1.8527785539627075 0.00013116025050896596 0.23027611015520175 1.6223711818381488
345 1.8528155088424683 0.00011967931629541795 0.22717939923110583 1.625516457955217
346 1.852794885635376 0.00013848863846077641 0.23216366945947253 1.6204926905599288
347 1.8527629375457764 0.00012557319782177667 0.23043081577396504 1.6222065431347252
348 1.8527954816818237 0.00012133945208248065 0.2284354106145566 1.6242386527213046
349 1.8527846336364746 0.00014014363246395156 0.2328844035601791 1.6197601179823606
350 1.852744460105896 0.00012444238913469907 0.22997222987717653 1.6226477578245726
351 1.8527615070343018 0.00011745439947277725 0.22797208782688952 1.6246719554585363
352 1.852774739265442 0.00013523082849964396 0.23205432951650587 1.6205850614802666
353 1.8527354001998901 0.00012327183531571362 0.2295676227950084 1.6230444609001633
354 1.85274076461792 0.00012127008512594073 0.22923588366476372 1.6233836295033317
355 1.8527551889419556 0.00013542198569460595 0.23238602657502808 1.6202337121420127
356 1.8527343273162842 0.00011895476981307884 0.22971494229925563 1.6229003918390745
357 1.8527289628982544 0.00012014296938359093 0.22989326354367193 1.6227154791854004
358 1.852734088897705 0.00013165171103435291 0.23206728982639235 1.62053500718594
359 1.8527194261550903 0.00012004639332441336 0.22885925461476725 1.6237401237886118
360 1.852708101272583 0.00012359316624951933 0.2294753894263117 1.6231089601125692
361 1.8527143001556396 0.00013153052660547226 0.23091438533942119 1.6216681959282175
362 1.8527148962020874 0.00012507566771846612 0.2285886654927908 1.62400096357856
363 1.8526972532272339 0.0001329769540067416 0.2303392512887355 1.622225031988404
364 1.8526978492736816 0.00013151407137135251 0.2302634191496268 1.6223028955585421
365 1.8526982069015503 0.00012110493565378744 0.2284089607167829 1.6241680188975691
366 1.8526906967163086 0.00013013586256646614 0.2306343770629332 1.6219260975810899
367 1.8526837825775146 0.00013162282105919076 0.23035578259918116 1.622196262157142
368 1.8526875972747803 0.00012797994183813555 0.2291893794563287 1.6233702858191483
369 1.8526828289031982 0.00013675138512070362 0.23066737914379734 1.6218785994594485
370 1.852675199508667 0.0001334026878265504 0.23017293291856317 1.6223689735760247
371 1.8526736497879028 0.00012956164909391776 0.22972111519970478 1.6228231184619457
372 1.8526747226715088 0.00013243355491726616 0.23076944533380364 1.6217727504912873
373 1.8526699542999268 0.00012881286085608679 0.22924414623995532 1.6232970787928809
374 1.8526616096496582 0.00013672802949246665 0.23027690542993412 1.622248004864364
375 1.852663278579712 0.00013801160622919917 0.23071318397807533 1.6218120111961933
376 1.8526651859283447 0.00013118515679805265 0.22924820685230796 1.623285668119184
377 1.8526601791381836 0.00013727127801671513 0.23074950722724208 1.6217732671206186
378 1.8526532649993896 0.00013607688276887075 0.23024076732552662 1.6222762811237035
379 1.852650761604309 0.00013311163568710538 0.22958889009278274 1.6229287471764464
380 1.8526474237442017 0.00013681119718872425 0.23055477576464495 1.6219559495526559
381 1.85264253616333 0.00013073677055588928 0.22956223124981545 1.6229496757169422
382 1.8526391983032227 0.00013082110631598698 0.2294387261157929 1.6230696503361433
383 1.8526387214660645 0.00014056157676706205 0.23051750186690984 1.6219805400479952
384 1.8526363372802734 0.00013848527877899364 0.23009886734653387 1.6223988884805267
385 1.8526307344436646 0.00013207356926750458 0.22958339456527913 1.6229151688200414
386 1.8526307344436646 0.0001314196592916983 0.22980753837843798 1.6226917438843649
387 1.8526277542114258 0.00013503684190352416 0.22961567777116873 1.6228770649722388
388 1.852623701095581 0.00013949259439827166 0.23039029125137162 1.6220939326665227
389 1.8526208400726318 0.0001332375363979621 0.22981843541147756 1.6226691724638793
390 1.8526201248168945 0.00013184270887531269 0.2296194409750163 1.6228688453229472
391 1.85262131690979 0.00014005513319229057 0.230902546169154 1.6215787551694254
392 1.8526151180267334 0.0001398606255153534 0.23014345327816774 1.6223318721564062
393 1.8526113033294678 0.00013877707213902357 0.23019204712757663 1.62228043453025
394 1.8526074886322021 0.00013816883061551488 0.23031005026946236 1.6221592497840973
395 1.852605938911438 0.00013654112789707185 0.23000485652373998 1.6224645237449467
396 1.8526016473770142 0.00013893434929287962 0.2302992545822588 1.622163453491618
397 1.8525983095169067 0.0001384961357099035 0.22972788409897832 1.6227319394970927
398 1.8525954484939575 0.00014124346984983882 0.22993187868477663 1.6225222438066977
399 1.8525913953781128 0.00014142141123199559 0.2301679055498261 1.622282244091439
