0 268.189208984375 1.7855441374704242 258.31839418411255 8.08526006527245
1 56.61747360229492 7.927418898791075 48.690051754703745 0.0
2 17.460948944091797 0.712056562770158 13.546760156750679 3.202134108170867
3 21.34867286682129 0.5394040350802243 18.394945316016674 2.414324004203081
4 14.768049240112305 0.8721935236826539 9.98803025484085 3.9078256054781377
5 10.666444778442383 1.435920867137611 2.7939787749783136 6.436545241624117
6 11.608468055725098 2.105607556179166 0.06510317798165488 9.43775617517531
7 3.1469345092773438 2.635021511465311 0.5119129085433087 0.0
8 4.762306213378906 2.9997518844902515 1.7625541902380064 0.0
9 5.3538432121276855 3.1062962897121906 2.247546913800761 0.0
10 4.575281620025635 2.964759297668934 1.610522340866737 0.0
11 3.236851930618286 2.6615360528230667 0.5753159591840813 0.0
12 2.3169400691986084 2.3028352297842503 0.014104886090535729 0.0
13 11.088627815246582 1.9746237192302942 0.2631275040403125 8.850877130404115
14 10.448186874389648 1.6343697272241116 1.48496796033578 7.328848471865058
15 10.830001831054688 1.360607087612152 3.3579014652059413 6.111493466421962
16 11.465618133544922 1.2023050375282764 4.85012626554817 5.413186836056411
17 11.452794075012207 1.1826909948140383 4.931604526587762 5.338498109951615
18 10.807765007019043 1.2897441405802965 3.6756533644511364 5.8423679657280445
19 10.2358980178833 1.49542095977813 1.946734114739229 6.793742741458118
20 10.346879959106445 1.7275821417570114 0.7445426071108159 7.8747554095461965
21 10.724160194396973 1.862754937261343 0.339031670745801 8.52237446513027
22 10.60283374786377 1.8335836306214333 0.3510095586298405 8.418239634484053
23 10.082795143127441 1.6734000658616424 0.6698792024471913 7.739515699446201
24 9.698528289794922 1.4712263410910964 1.407190087786148 6.8201107159256935
25 9.736982345581055 1.311072112992406 2.3885950746916933 6.037315116263926
26 9.840463638305664 1.213948229327798 3.057781518517004 5.5687331752851605
27 9.65423583984375 1.1854991661384702 3.0186646098954952 5.45007218234241
28 9.214024543762207 1.2120381444692612 2.384517760008748 5.617468391545117
29 8.787857055664062 1.2564964313060045 1.6205828187812585 5.9107782151550055
30 8.450448036193848 1.2674371367320418 1.0850224753667135 6.097988289780915
31 8.158310890197754 1.239919894374907 0.884626410056872 6.033764619380236
32 7.702706336975098 1.1636949758976698 0.9099288913175769 5.6290827402845025
33 7.175075054168701 1.0513319429010153 1.1152876577107236 5.008455688133836
34 6.6026177406311035 0.914337107911706 1.370471111185907 4.317810012027621
35 5.902061939239502 0.7737190532498062 1.4342423794369097 3.6941005187109113
36 5.147982597351074 0.6353687518276274 1.202298695963691 3.3103154147975147
37 4.658339500427246 0.5110848317854106 0.8943543119748938 3.252900239545852
38 4.039287090301514 0.3793269549496472 0.9452552572656714 2.714704906800762
39 3.2918002605438232 0.23552751541137695 1.2890198849618173 1.7672524997033179
40 2.552659511566162 0.12859725719317794 1.238102536466538 1.185959919821471
41 1.8420308828353882 0.05546314088860527 0.7318058409110024 1.0547620100842323
42 1.6845433712005615 0.009917870585923083 0.8829273751724781 0.7916981598973507
43 1.9940173625946045 0.0023822313860364375 1.4871222753085591 0.5045129640780317
44 2.008725643157959 0.03320185240590945 0.9728935582873424 1.0026301320394708
45 2.0336968898773193 0.09645084058865905 0.8861736427781979 1.0510725266796257
46 2.3318731784820557 0.16791215675038984 1.058296873524427 1.1056638002620076
47 2.231001138687134 0.20060415002461696 0.4877111517331135 1.5426859118866187
48 2.1765952110290527 0.21113691487698816 0.4286908818904145 1.536767193807549
49 2.110124349594116 0.18852488743141294 0.6600510274653788 1.2615484233331369
50 1.7299058437347412 0.12451252262690105 0.6094515918559251 0.9959418572143068
51 1.4339531660079956 0.05457732691138517 0.5403093746659231 0.8390664752289467
52 1.0553430318832397 0.010387300259026233 0.36749816993092227 0.6774574573216925
53 0.9508564472198486 0.0004371919328605145 0.5509408614961727 0.3994783853125199
54 1.0603340864181519 0.015820011190953664 0.6383433629513698 0.40617069890140556
55 0.480438232421875 0.044301394576905295 0.3918354602566347 0.044301394576905295
56 0.2562141418457031 0.0788176916539669 0.09857875815035622 0.0788176916539669
57 0.24314549565315247 0.11327120912028477 0.016603070570623935 0.11327120912028477
58 5.128734111785889 0.1770916188834235 0.011999011725978836 4.939643353340216
59 2.7624013423919678 0.09690891008358449 0.17714494523715985 2.488347444741521
60 2.7391581535339355 0.057989115186501294 2.3399113957202644 0.3412576848641038
61 3.2029435634613037 0.0457806249614805 2.9154470224893885 0.241715814860072
62 2.150510311126709 0.0576257465290837 1.064292761926481 1.0285918700392358
63 0.30685365200042725 0.07394615601515397 0.15896133189010053 0.07394615601515397
64 0.44200778007507324 0.15755818370962515 0.12689137996869704 0.15755818370962515
65 0.6716985702514648 0.25613792380318046 0.15996278204457828 0.25559782626805827
66 0.998362123966217 0.37204557354561985 0.2542709629397478 0.37204557354561985
67 0.7223007082939148 0.3324366568995174 0.05984050850681388 0.33002352048060857
68 0.35851404070854187 0.17163646381595754 0.01524113729074908 0.17163646381595754
69 3.3526382446289062 0.03150225245508409 0.0515485096883026 3.2695874316898212
70 1.3452832698822021 0.019564921953133307 0.5981708317631274 0.7275474631826881
71 3.1758933067321777 0.044616183382458985 2.9192600188071083 0.21201704024500145
72 2.2012264728546143 0.025643042594310828 1.7735275802976354 0.4020558270235699
73 0.521228015422821 0.002331150603822607 0.5165657017273787 0.002331150603822607
74 0.4466867744922638 0.023338582559517818 0.400009611898132 0.023338582559517818
75 0.8478010296821594 0.18618930409138557 0.47542245425485063 0.18618930409138557
76 0.7708368301391602 0.29736708849668503 0.17610264892027772 0.29736708849668503
77 6.897218704223633 0.2931523205625126 0.00632961342111571 6.597736309544416
78 4.817454814910889 0.1606774001265876 0.579551291797543 4.077225797980645
79 3.8477087020874023 0.051343053781010894 1.7281878523208434 2.068177763476399
80 4.725094795227051 0.006380486262514751 3.7754714803159004 0.9432429563283602
81 3.3701558113098145 0.00010782615432702869 3.0522297694624285 0.3178180346096253
82 1.5984941720962524 0.0211639183544321 1.182337672395272 0.39499271182285156
83 1.292162537574768 0.0711423844913952 1.1498776998484335 0.0711423844913952
84 1.8042899370193481 0.18784150725696236 1.4286068442989333 0.18784150725696236
85 2.182199001312256 0.4214038965292275 1.3445739111514001 0.416221245075576
86 1.8250436782836914 0.5289873362053186 0.7790312470015266 0.5170250035589561
87 1.1161694526672363 0.4551851556170732 0.21538191826028097 0.44560237519908696
88 4.295575141906738 0.29169175689457916 0.1751466100020025 3.828737289062701
89 3.602046012878418 0.07761232843404287 0.9294765914964955 2.5949572718673153
90 3.356086015701294 0.004592765791585407 2.07104324302054 1.2804497752963258
91 3.498347043991089 0.007584373209185813 2.9168249325011857 0.5739378444705512
92 3.0913338661193848 0.003560032916809064 2.5877330623043235 0.500040548905595
93 1.9142377376556396 0.005119728750287322 1.0985227956816743 0.8105951973220726
94 0.40881040692329407 0.026853512099478394 0.3551033685692566 0.026853512099478394
95 0.7220605611801147 0.06463245360646397 0.5927956301781441 0.06463245360646397
96 1.18722403049469 0.08817278739297763 1.0108784702465958 0.08817278739297763
97 1.128710389137268 0.07694664446171373 0.9748169947283429 0.07694664446171373
98 0.6452293992042542 0.04964432917768136 0.5459407573630841 0.04964432917768136
99 0.21412742137908936 0.04427340843540151 0.12558059340597486 0.04427340843540151
