0 13.8538818359375 1.0905093015171587 7.972461658184329 4.790910418145359
1 735.0459594726562 35.29620632529259 699.7497771009803 0.0
2 16.34194564819336 4.031333329156041 12.310612505476456 0.0
3 65.76045989990234 0.007385554367280556 65.72177126258612 0.03130484880718676
4 160.0924072265625 0.5284727131947875 157.19150137156248 2.3724275985732675
5 187.8278045654297 0.8010286665521562 183.40707586705685 3.6197074996307492
6 163.58335876464844 0.5948771731927991 160.32073241099715 2.667734471615404
7 121.27285766601562 0.21234782435931265 120.11420564725995 0.9462982432451099
8 74.90615844726562 0.002010339521802962 74.8951365724206 0.009010628928081132
9 36.25543212890625 0.19355386309325695 35.194336753338575 0.8675360649358481
10 14.157841682434082 0.9192885011434555 9.118168740533292 4.120382389053702
11 11.781829833984375 2.142950624227524 0.03386868673260324 9.605010833591223
12 8.839648246765137 3.6232621669769287 5.216386059764773 0.0
13 23.333255767822266 5.095627307891846 18.237626207992435 0.0
14 37.48177719116211 6.213530480861664 31.26824989914894 0.0
15 44.64282989501953 6.726171135902405 37.916660606861115 0.0
16 42.44635009765625 6.571747541427612 35.87460704147816 0.0
17 32.947208404541016 5.873289048671722 27.073918809182942 0.0
18 20.631427764892578 4.858031332492828 15.773394578136504 0.0
19 9.93998908996582 3.7613590359687805 6.178628237685189 0.0
20 3.6191163063049316 2.7611045837402344 0.8580129461188335 0.0
21 11.021514892578125 1.9545221626758575 0.3065446164691821 8.760447550565004
22 11.008807182312012 1.32981775701046 3.7185533274896443 5.9604331608861685
23 14.417465209960938 0.8984857052564621 9.491837085224688 4.027141286060214
24 18.945863723754883 0.633648619055748 15.472111920826137 2.840103631839156
25 22.488962173461914 0.49665725976228714 19.76621578913182 2.22608878929168
26 23.76958465576172 0.45583392679691315 21.27063845284283 2.0431127790361643
27 22.552297592163086 0.49454642832279205 19.84112468548119 2.2166277412325144
28 19.492828369140625 0.6096908673644066 16.150414599105716 2.732721566222608
29 15.755718231201172 0.8039008155465126 11.348615607712418 3.603198298253119
30 12.553390502929688 1.075527474284172 6.657196735031903 4.8206677865237
31 10.742955207824707 1.4102501720190048 3.01176160632167 6.320942735299468
32 10.586138725280762 1.7773556411266327 0.8424194941471796 7.9663618914783
33 11.7321195602417 2.1324561834335327 0.04169049006122805 9.557973250746727
34 2.543619155883789 2.426326185464859 0.11729284829925746 0.0
35 3.2987399101257324 2.6792940497398376 0.6194443600543309 0.0
36 4.068235397338867 2.863458603620529 1.2047767019248568 0.0
37 4.539612293243408 2.960189163684845 1.5794228928280063 0.0
38 4.557623386383057 2.963714152574539 1.5939070985768922 0.0
39 4.153436183929443 2.88164222240448 1.2717948170029558 0.0
40 3.502753973007202 2.7324112951755524 0.7703434032737277 0.0
41 2.839188814163208 2.540746361017227 0.29844350785424467 0.0
42 2.362258195877075 2.3326641619205475 0.029595434962175204 0.0
43 11.727025032043457 2.1313705444335938 0.0425471745984396 9.553107261657715
44 10.864594459533691 1.9027751088142395 0.43330776868970133 8.528509862720966
45 10.47632884979248 1.6785220205783844 1.2744323717197403 7.5233754850924015
46 10.581924438476562 1.4826159179210663 2.4540122225880623 6.645296346396208
47 11.008026123046875 1.330017402768135 3.7166798242833465 5.961328001692891
48 11.490667343139648 1.227774053812027 4.759836053708568 5.503058705478907
49 11.79427433013916 1.177326574921608 5.340003162855282 5.27694589830935
50 11.79868221282959 1.1766466945409775 5.348134964006022 5.2738985773175955
51 11.526519775390625 1.2214030176401138 4.830612476216629 5.474502811208367
52 11.110337257385254 1.305041864514351 3.9559129101689905 5.849384071305394
53 10.721616744995117 1.4182544648647308 2.9465413803700358 6.356819119304419
54 10.49489688873291 1.5486017614603043 2.0052397821564227 6.9410543236881495
55 10.477823257446289 1.680996522307396 1.262359905813355 7.534466555342078
56 10.624070167541504 1.7993358671665192 0.7598544667416718 8.064880404621363
57 10.826916694641113 1.8890302181243896 0.4709826894395519 8.466903299093246
58 10.974190711975098 1.939708948135376 0.3404297153610969 8.69405260682106
59 10.997869491577148 1.9471961855888367 0.32306446933944244 8.727611474692822
60 10.89687728881836 1.914087951183319 0.4035727886366658 8.57921563833952
61 10.726548194885254 1.848787933588028 0.5912269525288139 8.286531630903482
62 10.564538955688477 1.7633987963199615 0.8973368394072168 7.903805319219828
63 10.472295761108398 1.671192079782486 1.3105804222868755 7.490521643310785
64 10.470219612121582 1.584381327033043 1.7844107112614438 7.1014234479516745
65 10.535496711730957 1.5126386135816574 2.24299346213229 6.7798623573035
66 10.619699478149414 1.4624486714601517 2.6023491710657254 6.55490386672318
67 10.674934387207031 1.4370838552713394 2.796632974059321 6.4412151370197535
68 10.675361633300781 1.4369012117385864 2.798063682857901 6.440396502614021
69 10.625253677368164 1.4597076624631882 2.622926885378547 6.5426182728260756
70 10.551959991455078 1.5011086016893387 2.3226644017267972 6.728183196857572
71 10.489439010620117 1.5548892468214035 1.9653141096932814 6.969235731288791
72 10.461321830749512 1.6135800927877426 1.6154423172702082 7.232296487316489
73 10.471343994140625 1.6692947149276733 1.3200332096312195 7.482017382979393
74 10.504780769348145 1.7147794216871262 1.1041186429793015 7.685886336490512
75 10.538432121276855 1.7445057779550552 0.9748067517648451 7.819124111905694
76 10.55321979522705 1.75552436709404 0.9291851610760204 7.868511002510786
77 10.542789459228516 1.7478489577770233 0.9608327355817892 7.834108721464872
78 10.51452350616455 1.724263221025467 1.0618665019865148 7.728394079953432
79 10.483550071716309 1.6896257251501083 1.2207800726173446 7.573143875226378
80 10.463906288146973 1.6498708724975586 1.4190775860333815 7.394956946372986
81 10.461709976196289 1.610983967781067 1.630064087221399 7.220660284161568
82 10.473416328430176 1.5781355649232864 1.8218544748378918 7.073429049924016
83 10.489264488220215 1.555099219083786 1.9639900414040312 6.970176856964827
84 10.499223709106445 1.5439701676368713 2.034958786680363 6.920294858515263
85 10.498138427734375 1.5451082736253738 2.027631823439151 6.925396012142301
86 10.48749828338623 1.5572709143161774 1.9503170432290062 6.979910705238581
87 10.473557472229004 1.5778772979974747 1.8234119605040178 7.0722714606672525
88 10.46329402923584 1.603397011756897 1.6732415760634467 7.1866544634103775
89 10.460633277893066 1.6298390179872513 1.525623885972891 7.305171312764287
90 10.464926719665527 1.6533239930868149 1.4011662953998893 7.410434326156974
91 10.472018241882324 1.6706483215093613 1.313285166688729 7.488084441050887
92 10.477066040039062 1.6797513961791992 1.2684267028816976 7.528885722160339
93 10.477200508117676 1.6799750328063965 1.2673354355501942 7.529888093471527
94 10.47275447845459 1.6720830798149109 1.3061558685149066 7.494515232741833
95 10.46651554107666 1.6580194234848022 1.3770201307488605 7.431479915976524
96 10.461809158325195 1.6404916942119598 1.4684024173766375 7.35291812941432
97 10.46056842803955 1.6224645376205444 1.5659877297002822 7.272117838263512
98 10.462528228759766 1.606679692864418 1.6544790106127039 7.201367909088731
99 10.465734481811523 1.595272034406662 1.7202236037701368 7.150237154215574
100 10.467923164367676 1.5895240306854248 1.7539273470174521 7.1244737803936005
101 10.46782398223877 1.5897672772407532 1.7524925287580118 7.12556404620409
102 10.465682029724121 1.595420777797699 1.7193558911094442 7.150903843343258
103 10.462867736816406 1.6051524132490158 1.6631935333134606 7.194522423669696
104 10.46091079711914 1.6171164512634277 1.5956495099817403 7.248146951198578
105 10.46060848236084 1.6292695999145508 1.52871759084519 7.302619099617004
106 10.461678504943848 1.639694258570671 1.4726415317272767 7.3493439089506865
107 10.463135719299316 1.646890476346016 1.4346458675572649 7.381598385050893
108 10.46394157409668 1.6499969810247421 1.4184214078704827 7.395522182807326
109 10.463642120361328 1.6488822400569916 1.424231671844609 7.390525754541159
110 10.462505340576172 1.644113689661026 1.4492385630728677 7.369152430444956
111 10.461257934570312 1.6368014812469482 1.4880801597610116 7.336378067731857
112 10.4605712890625 1.6283670216798782 1.5336311704595573 7.298573615029454
113 10.460673332214355 1.62027907371521 1.5780691336840391 7.262322276830673
114 10.46129035949707 1.6138118654489517 1.6141408510156907 7.233335325494409
115 10.461899757385254 1.6098620295524597 1.6364068345865235 7.2156315967440605
116 10.462090492248535 1.6088350117206573 1.6422268585301936 7.211028356105089
117 10.461771011352539 1.6106272339820862 1.6320796750369482 7.219061352312565
118 10.461175918579102 1.6146885752677917 1.6092221345752478 7.237264864146709
119 10.46068000793457 1.6201433688402176 1.5788202403928153 7.261714028194547
120 10.460525512695312 1.6259600073099136 1.5467783631174825 7.287785032764077
121 10.460709571838379 1.6311307698488235 1.5186170497327112 7.310961129143834
122 10.461029052734375 1.6348419487476349 1.498590722330846 7.327595163136721
123 10.461234092712402 1.6365977674722672 1.489171632565558 7.335464993491769
124 10.461194038391113 1.6362743079662323 1.4909032566356473 7.33401520177722
125 10.460957527160645 1.6341210752725601 1.5024687178083695 7.3243641052395105
126 10.460680961608887 1.6306778639554977 1.5210720416507684 7.308931140229106
127 10.460528373718262 1.6266599148511887 1.5429485510685481 7.2909221183508635
128 10.46056079864502 1.6228139698505402 1.5640619336045347 7.2736840434372425
129 10.46069622039795 1.6197902858257294 1.5807779875467531 7.26013145968318
130 10.460829734802246 1.6180343627929688 1.5905340531026013 7.252261161804199
131 10.460856437683105 1.6177336424589157 1.5922090693493374 7.250913290306926
132 10.460772514343262 1.6188048869371414 1.5862491182633676 7.255714761093259
133 10.460633277893066 1.6209349632263184 1.5744371921755373 7.265262067317963
134 10.460538864135742 1.623649999499321 1.5594570772373118 7.277431247755885
135 10.460529327392578 1.6264149993658066 1.5442886462551542 7.2898243721574545
136 10.460580825805664 1.628731057047844 1.5316479446482845 7.300205273553729
137 10.460655212402344 1.6302256882190704 1.5235244651557878 7.306904423981905
138 10.46068000793457 1.6307063400745392 1.5209176286589354 7.309058774262667
139 10.460654258728027 1.6301778107881546 1.5237849022378214 7.306689830496907
140 10.460589408874512 1.6288306713104248 1.5311072423355654 7.3006517589092255
141 10.460533142089844 1.6269878596067429 1.5411559015046805 7.292392013594508
142 10.460522651672363 1.62503083050251 1.5518706015427597 7.2836203295737505
143 10.460545539855957 1.6233296692371368 1.5612204468925484 7.27599548175931
144 10.460580825805664 1.6221714317798615 1.5676043916027993 7.270804096013308
145 10.460599899291992 1.6217192560434341 1.570100991812069 7.268777379766107
146 10.460588455200195 1.621993064880371 1.5685889156884514 7.270004630088806
147 10.460558891296387 1.6228736340999603 1.5637331767356955 7.273951467126608
148 10.460530281066895 1.6241410821676254 1.5567579833441414 7.2796323504298925
149 10.460524559020996 1.6255203485488892 1.5491867126547731 7.285814419388771
150 10.460530281066895 1.6267419010400772 1.5425007225712761 7.291289592161775
151 10.460549354553223 1.6275915950536728 1.537860113894567 7.295098042115569
152 10.460558891296387 1.6279421746730804 1.5359477762831375 7.296669390052557
153 10.460551261901855 1.6277720481157303 1.5368743569706567 7.29590685851872
154 10.460540771484375 1.6271632015705109 1.5401993217528798 7.293177921324968
155 10.460526466369629 1.626273974776268 1.5450589646934532 7.289192279800773
156 10.460518836975098 1.625301718711853 1.5503853396512568 7.284834489226341
157 10.460524559020996 1.6244403421878815 1.5551126579521224 7.280973676592112
158 10.460533142089844 1.6238454729318619 1.5583815285935998 7.2783073876053095
159 10.460539817810059 1.6236078590154648 1.5596884398837574 7.2772423680871725
160 10.460536003112793 1.62374147772789 1.5589552093297243 7.27784126624465
161 10.460530281066895 1.624184787273407 1.556515833362937 7.279828242957592
162 10.46052074432373 1.6248221099376678 1.5530157028115354 7.282684814184904
163 10.460517883300781 1.6255101263523102 1.549243628687691 7.28576860204339
164 10.460519790649414 1.6261090636253357 1.5459617105079815 7.288453124463558
165 10.460529327392578 1.626507729291916 1.5437815387849696 7.290240000933409
166 10.460527420043945 1.626646563410759 1.5430224186275154 7.290862275287509
167 10.460531234741211 1.6265220195055008 1.5437037672381848 7.290304051712155
168 10.460524559020996 1.6261840611696243 1.5455524082062766 7.288789274170995
169 10.46052360534668 1.6257194727659225 1.5480967808980495 7.286706922575831
170 10.460519790649414 1.6252343356609344 1.5507540610269643 7.284532468765974
171 10.460524559020996 1.6248283684253693 1.552982929861173 7.2827128656208515
172 10.460525512695312 1.6245759427547455 1.5543680236442015 7.281581457704306
173 10.460525512695312 1.6245133578777313 1.5547121909912676 7.2813009433448315
174 10.460527420043945 1.624633938074112 1.5540503623196855 7.281841401010752
175 10.46052074432373 1.6248985677957535 1.5525967432768084 7.283027509227395
176 10.460519790649414 1.6252391338348389 1.5507283768965863 7.284553974866867
177 10.46052074432373 1.6255778223276138 1.5488711060606875 7.286072025075555
178 10.460522651672363 1.6258468329906464 1.5473989944439381 7.287277769297361
179 10.460522651672363 1.6259952634572983 1.5465844993013889 7.287943055853248
180 10.460524559020996 1.6260049641132355 1.54653158999281 7.287986535578966
181 10.46052360534668 1.6258860528469086 1.5471825285931118 7.287453558295965
182 10.46052074432373 1.6256745159626007 1.5483429376035929 7.2865054197609425
183 10.460518836975098 1.6254226118326187 1.5497220726683736 7.285376349464059
184 10.460521697998047 1.6251896917819977 1.5509996013133787 7.2843323685228825
185 10.46052360534668 1.6250216513872147 1.5519205314922146 7.283579187467694
186 10.460524559020996 1.6249474883079529 1.5523284982191399 7.283246777951717
187 10.460522651672363 1.6249736696481705 1.5521849752985872 7.283364126458764
188 10.460525512695312 1.6250865310430527 1.5515649603912607 7.2838699873536825
189 10.46052074432373 1.6252527981996536 1.5506534819724038 7.284615220502019
190 10.460518836975098 1.6254322081804276 1.5496698825154454 7.285419361665845
191 10.460522651672363 1.625586375594139 1.5488243609433994 7.286110362038016
192 10.460524559020996 1.6256824433803558 1.5482977335341275 7.286540951579809
193 10.46052074432373 1.6257051825523376 1.5481747579178773 7.286642871797085
194 10.460524559020996 1.625658556818962 1.548428619862534 7.2864338885992765
195 10.460524559020996 1.6255567520856857 1.5489880202221684 7.2859775852411985
196 10.46052360534668 1.6254288703203201 1.5496877586701885 7.285404400900006
197 10.46052074432373 1.6253065168857574 1.5503596555208787 7.284855995327234
198 10.460519790649414 1.6252138912677765 1.5508670712006278 7.2844408340752125
199 10.460524559020996 1.6251700818538666 1.551107988343574 7.2842444740235806
200 10.460519790649414 1.6251780092716217 1.5510627842741087 7.284280005842447
201 10.460522651672363 1.6252320408821106 1.5507681359304115 7.28452218323946
202 10.460518836975098 1.6253147572278976 1.5503136295592412 7.284892929717898
203 10.460518836975098 1.6254046708345413 1.54982100793859 7.285295935347676
204 10.46052074432373 1.625482589006424 1.549394034955185 7.285645175725222
205 10.460519790649414 1.625533178448677 1.5491165436105803 7.285871924832463
206 10.460519790649414 1.6255453824996948 1.5490495593985543 7.285926625132561
207 10.460519790649414 1.6255209743976593 1.5491843497147784 7.285817224532366
208 10.46052074432373 1.6254686117172241 1.549471087346319 7.285582527518272
209 10.460516929626465 1.6254032105207443 1.5498288159142248 7.285289390012622
210 10.460518836975098 1.6253412514925003 1.550169387483038 7.285011680796742
211 10.460521697998047 1.6252971291542053 1.5504103046259843 7.284813918173313
212 10.460518836975098 1.6252775192260742 1.5505178697640076 7.284726023674011
213 10.460518836975098 1.6252860724925995 1.5504711246467195 7.284764360636473
214 10.460517883300781 1.6253193467855453 1.5502886645845138 7.2849135007709265
215 10.460521697998047 1.625364512205124 1.5500415832502767 7.28511593863368
216 10.460518836975098 1.6254134327173233 1.5497735436656512 7.285335207358003
217 10.460518836975098 1.6254529654979706 1.5495560504496098 7.285512398928404
218 10.46052074432373 1.6254743486642838 1.549439958180301 7.2856082413345575
219 10.46052074432373 1.6254743486642838 1.549439958180301 7.2856082413345575
220 10.46052360534668 1.6254547387361526 1.5495467014261521 7.285520346835256
221 10.460518836975098 1.6254214644432068 1.5497290587518364 7.285371206700802
222 10.460522651672363 1.6253862082958221 1.5499215869931504 7.285213183611631
223 10.46052360534668 1.6253537684679031 1.5500993211753666 7.285067783668637
224 10.46052074432373 1.625334471464157 1.5502060644212179 7.284981291741133
225 10.46052074432373 1.6253301948308945 1.5502294883481227 7.284962123259902
226 10.46052360534668 1.6253407299518585 1.5501717504230328 7.28500934317708
227 10.460518836975098 1.6253623217344284 1.550052473321557 7.285106120631099
228 10.460522651672363 1.6253906935453415 1.549896622018423 7.285233287140727
229 10.460522651672363 1.6254152059555054 1.5497633727500215 7.285343155264854
230 10.46052074432373 1.6254325211048126 1.5496683414676227 7.285420764237642
231 10.460525512695312 1.625440239906311 1.5496269386494532 7.285455361008644
232 10.460518836975098 1.6254333555698395 1.5496644374798052 7.285424504429102
233 10.460518836975098 1.625418022274971 1.549747037643101 7.285355778411031
234 10.460516929626465 1.6253997683525085 1.5498467948054895 7.285273961722851
235 10.46052074432373 1.6253807842731476 1.549951997003518 7.285188872367144
236 10.460517883300781 1.625365138053894 1.5500376792624593 7.285118743777275
237 10.460521697998047 1.6253594011068344 1.550068911164999 7.28509302996099
238 10.460525512695312 1.6253634691238403 1.5500463091302663 7.285111263394356
239 10.46052074432373 1.6253759860992432 1.5499785030260682 7.285167366266251
240 10.460522651672363 1.6253901720046997 1.5498998068505898 7.285230949521065
241 10.460519790649414 1.6254020631313324 1.549834260949865 7.285284247249365
242 10.460522651672363 1.6254100948572159 1.5497922417125665 7.285320246592164
243 10.460518836975098 1.6254129111766815 1.549775084713474 7.28533286973834
244 10.460522651672363 1.6254112422466278 1.5497844337369315 7.285325389355421
245 10.460519790649414 1.6254058182239532 1.5498148437472992 7.285301078110933
246 10.460524559020996 1.625396952033043 1.54986312991241 7.2852613385766745
247 10.460518836975098 1.625386729836464 1.549918504897505 7.285215521231294
248 10.46052074432373 1.625376507639885 1.5499745990382507 7.285169703885913
249 10.46052360534668 1.6253702491521835 1.5500089130364358 7.2851416524499655
250 10.46052074432373 1.6253679543733597 1.5500213441555388 7.285131366923451
251 10.46052360534668 1.6253702491521835 1.5500104540842585 7.2851416524499655
252 10.46052074432373 1.6253759860992432 1.5499785030260682 7.285167366266251
253 10.46052074432373 1.62538443505764 1.5499317579087801 7.28520523570478
254 10.460518836975098 1.6253929883241653 1.54988419089932 7.285243572667241
255 10.460522651672363 1.6253992468118668 1.549850698793307 7.2852716241031885
256 10.460526466369629 1.6254020631313324 1.5498358019976877 7.285284247249365
257 10.460522651672363 1.6254015415906906 1.5498374457820319 7.285281909629703
258 10.460519790649414 1.6253980994224548 1.5498576848767698 7.2852664813399315
259 10.46052360534668 1.6253921538591385 1.54988963593496 7.285239832475781
260 10.460522651672363 1.625385582447052 1.5499262101366185 7.285210378468037
261 10.460516929626465 1.6253781765699387 1.5499652500147931 7.285177184268832
262 10.460522651672363 1.625374212861061 1.5499870301573537 7.285159418359399
263 10.460522651672363 1.625374212861061 1.5499878520495258 7.285159418359399
264 10.460522651672363 1.6253776550292969 1.5499683321104385 7.28517484664917
265 10.46052074432373 1.6253832876682281 1.549938743992243 7.285200092941523
266 10.460522651672363 1.6253893375396729 1.54990525188623 7.285227209329605
267 10.460524559020996 1.6253936141729355 1.5498826498514973 7.285246377810836
268 10.460522651672363 1.6253952831029892 1.5498716570436954 7.285253858193755
269 10.460522651672363 1.625394657254219 1.549876382923685 7.28525105305016
270 10.460516929626465 1.6253913193941116 1.5498935399227776 7.285236092284322
271 10.460522651672363 1.625387042760849 1.549917683005333 7.285216923803091
272 10.460522651672363 1.6253821402788162 1.549943367135711 7.285194950178266
273 10.46052360534668 1.6253791153430939 1.5499613460269757 7.285181391984224
274 10.460519790649414 1.6253784894943237 1.549964428122621 7.28517858684063
275 10.460524559020996 1.6253801584243774 1.5499550790991634 7.285186067223549
276 10.460518836975098 1.6253839135169983 1.5499340181122534 7.285202898085117
277 10.46052074432373 1.6253883987665176 1.549909875029698 7.285223001614213
278 10.460516929626465 1.6253913193941116 1.5498935399227776 7.285236092284322
279 10.46052360534668 1.6253924667835236 1.5498880948871374 7.285241235047579
280 10.460518836975098 1.6253915280103683 1.5498927180306055 7.285237027332187
281 10.460522651672363 1.6253895461559296 1.5499044299940579 7.28522814437747
282 10.460516929626465 1.6253864169120789 1.5499207651009783 7.285214118659496
283 10.460524559020996 1.6253827661275864 1.5499411069322377 7.28519775532186
284 10.46052074432373 1.6253804713487625 1.5499527161591686 7.285187469795346
285 10.46052074432373 1.6253804713487625 1.5499527161591686 7.285187469795346
286 10.460516929626465 1.6253827661275864 1.5499402850400656 7.28519775532186
287 10.460522651672363 1.625385895371437 1.5499239499331452 7.285211781039834
288 10.46052074432373 1.6253878772258759 1.5499137790175155 7.285220663994551
289 10.46052074432373 1.6253883987665176 1.5499106969218701 7.285223001614213
290 10.46052074432373 1.6253878772258759 1.5499137790175155 7.285220663994551
291 10.460522651672363 1.6253862082958221 1.549923128040973 7.285213183611631
292 10.46052360534668 1.6253836005926132 1.5499363810522482 7.28520149551332
293 10.46052360534668 1.6253824532032013 1.5499426479800604 7.285196352750063
294 10.460516929626465 1.6253827661275864 1.5499402850400656 7.28519775532186
295 10.46052074432373 1.62538443505764 1.5499324770644307 7.28520523570478
296 10.460518836975098 1.625386729836464 1.5499192240531556 7.285215521231294
297 10.46052074432373 1.6253878772258759 1.5499122379696928 7.285220663994551
298 10.46052074432373 1.6253878772258759 1.5499122379696928 7.285220663994551
299 10.460522651672363 1.625387042760849 1.549917683005333 7.285216923803091
300 10.460522651672363 1.6253850609064102 1.5499285730766132 7.285208040848374
301 10.460519790649414 1.6253842264413834 1.5499332989566028 7.285204300656915
302 10.46052074432373 1.62538443505764 1.549930936016608 7.28520523570478
303 10.460522651672363 1.625385895371437 1.5499239499331452 7.285211781039834
304 10.460522651672363 1.6253862082958221 1.549923128040973 7.285213183611631
305 10.460522651672363 1.6253850609064102 1.5499278539209627 7.285208040848374
306 10.460522651672363 1.6253850609064102 1.5499278539209627 7.285208040848374
307 10.460522651672363 1.625387042760849 1.549917683005333 7.285216923803091
308 10.460524559020996 1.625387355685234 1.5499153200653382 7.285218326374888
309 10.460518836975098 1.625386729836464 1.5499200459453277 7.285215521231294
310 10.46052074432373 1.625385269522667 1.5499270320287906 7.285208975896239
311 10.460524559020996 1.6253839135169983 1.549935559160076 7.285202898085117
312 10.460524559020996 1.6253839135169983 1.549935559160076 7.285202898085117
313 10.460522651672363 1.625385582447052 1.5499262101366185 7.285210378468037
314 10.460522651672363 1.6253862082958221 1.5499215869931504 7.285213183611631
315 10.460516929626465 1.6253864169120789 1.5499207651009783 7.285214118659496
316 10.460522651672363 1.6253862082958221 1.549922306148801 7.285213183611631
317 10.460522651672363 1.625385582447052 1.5499262101366185 7.285210378468037
318 10.460519790649414 1.6253842264413834 1.5499332989566028 7.285204300656915
319 10.460522651672363 1.6253850609064102 1.5499293949687853 7.285208040848374
320 10.460518836975098 1.625386729836464 1.5499192240531556 7.285215521231294
321 10.46052074432373 1.6253878772258759 1.5499129571253434 7.285220663994551
322 10.46052074432373 1.6253883987665176 1.5499106969218701 7.285223001614213
323 10.46052074432373 1.6253878772258759 1.5499129571253434 7.285220663994551
324 10.460518836975098 1.625386729836464 1.5499192240531556 7.285215521231294
325 10.460522651672363 1.6253850609064102 1.5499293949687853 7.285208040848374
326 10.46052074432373 1.62538443505764 1.5499317579087801 7.28520523570478
327 10.460522651672363 1.625385582447052 1.5499262101366185 7.285210378468037
328 10.460522651672363 1.625385582447052 1.5499254909809679 7.285210378468037
329 10.46052074432373 1.6253847479820251 1.549930114124436 7.285206638276577
330 10.460522651672363 1.6253850609064102 1.5499278539209627 7.285208040848374
331 10.460518836975098 1.625386729836464 1.5499192240531556 7.285215521231294
332 10.460524559020996 1.625387355685234 1.5499161419575103 7.285218326374888
333 10.460518836975098 1.625386729836464 1.549918504897505 7.285215521231294
334 10.46052074432373 1.625385269522667 1.5499270320287906 7.285208975896239
335 10.460518836975098 1.6253832876682281 1.5499372029444203 7.285200092941523
336 10.460518836975098 1.6253832876682281 1.5499372029444203 7.285200092941523
337 10.46052074432373 1.6253847479820251 1.549930114124436 7.285206638276577
338 10.46052074432373 1.6253878772258759 1.5499129571253434 7.285220663994551
339 10.460522651672363 1.6253895461559296 1.5499028889462352 7.28522814437747
340 10.460522651672363 1.6253901720046997 1.5499005260062404 7.285230949521065
341 10.460522651672363 1.6253895461559296 1.5499044299940579 7.28522814437747
342 10.460524559020996 1.6253875643014908 1.5499146009096876 7.285219261422753
343 10.46052074432373 1.625385269522667 1.5499270320287906 7.285208975896239
344 10.460524559020996 1.6253827661275864 1.5499418260878883 7.28519775532186
345 10.460516929626465 1.6253816187381744 1.549946551967878 7.285192612558603
346 10.460524559020996 1.6253839135169983 1.549935559160076 7.285202898085117
347 10.460524559020996 1.625387355685234 1.5499168611131608 7.285218326374888
348 10.460522651672363 1.6253895461559296 1.5499044299940579 7.28522814437747
349 10.46052360534668 1.6253906935453415 1.5498981630662456 7.285233287140727
350 10.460522651672363 1.6253904849290848 1.5498989849584177 7.285232352092862
351 10.460522651672363 1.6253890246152878 1.5499059710418805 7.285225806757808
352 10.460518836975098 1.625386729836464 1.549918504897505 7.285215521231294
353 10.460524559020996 1.6253839135169983 1.5499348400044255 7.285202898085117
354 10.460524559020996 1.6253827661275864 1.5499418260878883 7.28519775532186
355 10.460516929626465 1.6253827661275864 1.5499402850400656 7.28519775532186
356 10.46052074432373 1.6253847479820251 1.549930114124436 7.285206638276577
357 10.460524559020996 1.6253875643014908 1.5499146009096876 7.285219261422753
358 10.460522651672363 1.6253890246152878 1.5499067929340526 7.285225806757808
359 10.460522651672363 1.6253895461559296 1.5499044299940579 7.28522814437747
360 10.460524559020996 1.6253887116909027 1.5499083339818753 7.28522440418601
361 10.460522651672363 1.625387042760849 1.549917683005333 7.285216923803091
362 10.46052074432373 1.62538443505764 1.549930936016608 7.28520523570478
363 10.460524559020996 1.6253839135169983 1.549935559160076 7.285202898085117
364 10.460519790649414 1.6253842264413834 1.5499332989566028 7.285204300656915
365 10.460522651672363 1.6253862082958221 1.5499215869931504 7.285213183611631
366 10.460518836975098 1.625386729836464 1.549918504897505 7.285215521231294
367 10.460516929626465 1.6253864169120789 1.5499207651009783 7.285214118659496
368 10.460522651672363 1.6253850609064102 1.5499293949687853 7.285208040848374
369 10.46052074432373 1.62538443505764 1.549930936016608 7.28520523570478
370 10.460522651672363 1.625385582447052 1.5499262101366185 7.285210378468037
371 10.460522651672363 1.6253850609064102 1.5499293949687853 7.285208040848374
372 10.460522651672363 1.625385582447052 1.5499254909809679 7.285210378468037
373 10.460522651672363 1.6253850609064102 1.5499293949687853 7.285208040848374
374 10.46052074432373 1.625385269522667 1.5499270320287906 7.285208975896239
375 10.46052074432373 1.62538443505764 1.549930936016608 7.28520523570478
376 10.460522651672363 1.6253850609064102 1.5499293949687853 7.285208040848374
377 10.460522651672363 1.6253862082958221 1.549923128040973 7.285213183611631
378 10.460522651672363 1.625385895371437 1.5499239499331452 7.285211781039834
379 10.460519790649414 1.6253842264413834 1.5499332989566028 7.285204300656915
380 10.460524559020996 1.6253839135169983 1.549935559160076 7.285202898085117
381 10.460518836975098 1.6253839135169983 1.5499340181122534 7.285202898085117
382 10.46052074432373 1.625385269522667 1.5499270320287906 7.285208975896239
383 10.46052074432373 1.6253847479820251 1.549930114124436 7.285206638276577
384 10.460522651672363 1.625385582447052 1.5499262101366185 7.285210378468037
385 10.46052074432373 1.62538443505764 1.5499324770644307 7.28520523570478
386 10.46052074432373 1.62538443505764 1.5499324770644307 7.28520523570478
387 10.460522651672363 1.625385582447052 1.5499254909809679 7.285210378468037
388 10.460522651672363 1.6253850609064102 1.5499278539209627 7.285208040848374
389 10.460522651672363 1.625385582447052 1.5499262101366185 7.285210378468037
390 10.460519790649414 1.6253842264413834 1.5499332989566028 7.285204300656915
391 10.460518836975098 1.6253839135169983 1.5499340181122534 7.285202898085117
392 10.460522651672363 1.6253850609064102 1.5499293949687853 7.285208040848374
393 10.460518836975098 1.625386729836464 1.549918504897505 7.285215521231294
394 10.460522651672363 1.625387042760849 1.549917683005333 7.285216923803091
395 10.460522651672363 1.625385582447052 1.5499262101366185 7.285210378468037
396 10.46052360534668 1.6253824532032013 1.5499426479800604 7.285196352750063
397 10.460522651672363 1.6253810971975327 1.5499504559556954 7.285190274938941
398 10.460522651672363 1.6253821402788162 1.5499449081835337 7.285194950178266
399 10.460519790649414 1.6253842264413834 1.5499332989566028 7.285204300656915
