0 79.86021423339844 0.23812224962838258 78.33599926694296 1.2860979446582412
1 126.20588684082031 11.855389028787613 114.350498131942 0.0
2 32.71470260620117 6.2251181825995445 26.489583516144194 0.0
3 14.894515991210938 1.8328629755415022 6.381951849938317 6.6797002365347
4 42.26789093017578 0.5074720631400176 39.591894151759334 2.1685224741658295
5 51.305206298828125 0.2870876022950597 49.80259640910663 1.215526520842655
6 35.453739166259766 0.35908219846896827 33.53629114897922 1.5583673928915704
7 18.210729598999023 0.7852132045663893 13.93610954954056 3.4894048010464758
8 11.202587127685547 1.5166023522615433 2.888052722209591 6.797933370806277
9 3.7260360717773438 2.309278542175889 0.4788431338179685 0.9379145540297031
10 5.495266437530518 3.004293141886592 2.4909732311848245 0.0
11 8.603867530822754 3.449663979932666 5.154203243364464 0.0
12 9.633760452270508 3.591593373566866 6.0421665461035445 0.0
13 8.242745399475098 3.4416881445795298 4.801057646502159 0.0
14 5.667518615722656 3.087225129827857 2.5802931828293367 0.0
15 3.4117698669433594 2.6446022484451532 0.7671676923910127 0.0
16 3.646745443344116 2.224454205483198 0.1204805038159765 1.3018109761178493
17 10.97499942779541 1.8806883785873652 0.63369346137675 8.460618021897972
18 10.758402824401855 1.5725784674286842 2.12224463786697 7.0635792221874
19 11.418787956237793 1.338081929832697 4.078332210629014 6.002374116331339
20 12.259420394897461 1.1912339590489864 5.726597505592508 5.341588574461639
21 12.651840209960938 1.1324894716963172 6.438811489497311 5.080539448186755
22 12.373939514160156 1.1544716069474816 6.033034739317372 5.186432415153831
23 11.653087615966797 1.2452825689688325 4.800974949845113 5.606829673983157
24 10.918091773986816 1.3879400081932545 3.26452441571746 6.265626929700375
25 10.518548965454102 1.5586490565910935 1.9046876681886715 7.0552124213427305
26 10.544909477233887 1.7279085274785757 0.9812838951721354 7.8357183104380965
27 10.816239356994629 1.8629170274361968 0.49468245309554604 8.458639342337847
28 11.057106018066406 1.9395728865638375 0.307652963797898 8.80988085269928
29 11.070062637329102 1.946335925720632 0.2851850309108903 8.83854213822633
30 10.82969856262207 1.8860809728503227 0.38203449883807095 8.561581581830978
31 10.456512451171875 1.77463299036026 0.6308614147055335 8.051018659956753
32 10.11818790435791 1.6350912833586335 1.0722790002707299 7.410817398689687
33 9.928364753723145 1.4910610346123576 1.6825924320731431 6.754710558801889
34 9.887277603149414 1.363120298832655 2.3484832039358325 6.175674680620432
35 9.903505325317383 1.265541447326541 2.901616709152485 5.736346757039428
36 9.86118221282959 1.2054597493261099 3.187878400761405 5.4678427441976964
37 9.69890308380127 1.1833653054200113 3.142966143504707 5.372571391053498
38 9.441850662231445 1.1939942962490022 2.820938836231384 5.426917904056609
39 9.187877655029297 1.2270348244346678 2.3741060614864518 5.58673762017861
40 9.03194808959961 1.2680441453121603 1.9764102666362229 5.787493729032576
41 4.345188140869141 1.3004674958065152 1.7442530077496654 1.3004674958065152
42 4.239979267120361 1.3650011918507516 1.5099767189862818 1.3650011918507516
43 4.253685474395752 1.4420963977463543 1.369492661058777 1.4420963977463543
44 4.314603805541992 1.5113738039508462 1.2918564278779892 1.5113738039508462
45 4.307552337646484 1.5565127017907798 1.1945272700780634 1.5565127017907798
46 4.1504340171813965 1.5700879502110183 1.0501841756950105 1.5301623712293804
47 3.9787371158599854 1.5549552692100406 0.9087774320580404 1.5150044215843081
48 9.344799041748047 1.52129579288885 0.8317519594962676 6.9917516014538705
49 8.93248176574707 1.4123574821278453 1.0046029322212475 6.515521386638284
50 8.743881225585938 1.2693967539817095 1.5472873082666734 5.9271969916298985
51 8.682811737060547 1.1301363604143262 2.3226624650220593 5.23001255444251
52 8.881430625915527 1.031037509907037 3.0721893836018523 4.778203028254211
53 8.979827880859375 0.9857957740314305 3.4189962998152503 4.575035139452666
54 8.83909797668457 0.9952315166592598 3.2173339921100705 4.626532075693831
55 8.566896438598633 1.0515402860473841 2.6185492203865977 4.896806858014315
56 8.367804527282715 1.1379604265093803 1.9217675576092512 5.308077043388039
57 8.32662582397461 1.2306720088236034 1.3459361708342046 5.750018117949367
58 8.388951301574707 1.3022889597341418 0.9908718577365827 6.095789406914264
59 8.422605514526367 1.33060074551031 0.8494659722067589 6.242539422120899
60 8.338176727294922 1.306375720538199 0.8863720232944975 6.145429324358702
61 8.16417121887207 1.237147161271423 1.0893399203273282 5.837682688608766
62 8.004552841186523 1.1435184301808476 1.4479091003275664 5.4131253766827285
63 7.9324517250061035 1.050675340462476 1.8928940722423653 4.988882302539423
64 7.920016765594482 0.9795433406252414 2.275751411045711 4.664721710141748
65 7.874526023864746 0.9415730792097747 2.4354887338368467 4.4974640612490475
66 7.745903015136719 0.937429690384306 2.3128821318474064 4.495591035694815
67 7.581230640411377 0.9600221370346844 1.9942083771718946 4.627000126987696
68 7.4623870849609375 0.9954120677430183 1.6429950613390059 4.823979851091281
69 7.410632133483887 1.0246570282615721 1.3930547834242542 4.992919821524993
70 7.362944602966309 1.0298457483295351 1.2923006524615073 5.040798169793561
71 7.254760265350342 1.0024090015795082 1.3304079038911074 4.921943678986281
72 7.102950096130371 0.9488457753323019 1.488674974656961 4.665429499000311
73 6.974775314331055 0.8866963485488668 1.7292841642328622 4.358794602681883
74 6.892173767089844 0.834372654906474 1.9581486133206878 4.099653018347453
75 6.805587291717529 0.8020317453774624 2.054376746456522 3.949178731883876
76 6.684055328369141 0.7910181474580895 1.972632643652873 3.920404462114675
77 6.564676761627197 0.7952061975956894 1.788583742131821 3.9808871438144706
78 6.487701416015625 0.8024368836195208 1.6232525189607578 4.0620126581634395
79 6.429232597351074 0.7985257969703525 1.5487936311444808 4.081913619011175
80 6.345298767089844 0.7755612029868644 1.5753909015290446 3.994346536725061
81 6.245327949523926 0.7381581683293916 1.6887229172942007 3.8184468596591614
82 6.170217990875244 0.6989173798574484 1.8462133092229405 3.625086306295998
83 6.11768913269043 0.6688957825044781 1.966524592228547 3.482269233378247
84 6.049846649169922 0.652046668217281 1.9744320694507722 3.4233680712982277
85 5.963055610656738 0.646318128277926 1.8757889559410659 3.4409488675046305
86 5.886748313903809 0.6455564261887048 1.7478094001117772 3.493382342672703
87 5.823141574859619 0.6407672376517439 1.6634401718144003 3.5189339141506935
88 5.7466864585876465 0.6245537171635078 1.6540085039101375 3.4681242574733915
89 5.6505022048950195 0.5970874463455402 1.7137834508710088 3.339630920505442
90 5.556801795959473 0.5662130400833121 1.8085470389444493 3.1820421152751805
91 5.468698024749756 0.5404326589292623 1.875115912747917 3.0531490531308236
92 5.368062496185303 0.5235163237928866 1.8577267177448613 2.9868197368385374
93 5.255369186401367 0.5142103060008418 1.7595610471653735 2.9815981738012676
94 5.152154922485352 0.5076971881080681 1.641488728991338 3.0029689553502976
95 5.061124324798584 0.4972072064688291 1.5666007517699572 2.9973161865914335
96 4.96420955657959 0.4779061467232566 1.5595229994991646 2.926780004035976
97 4.86365270614624 0.45211097727292326 1.608966331311815 2.8025754716479696
98 4.775196552276611 0.4264395717297096 1.675618708577732 2.6731386115612925
99 4.693126678466797 0.40489471732655513 1.7057579992220768 2.582473529242292
