0 868.5452880859375 12.546276770532131 799.7787476629019 56.22023892402649
1 390.1707763671875 3.744790770113468 369.6793892607093 16.746567586436868
2 59.06376647949219 0.05740976538817222 58.68639959814027 0.31995196336690057
3 60.81415557861328 7.258612997829914 53.555544926202856 0.0
4 209.51861572265625 15.409524150192738 194.1091076862067 0.0
5 167.81158447265625 13.522262170910835 154.28933663479984 0.0
6 69.54527282714844 8.248557303100824 61.296707135625184 0.0
7 12.231058120727539 3.9765256755053997 8.254532830324024 0.0
8 10.574715614318848 1.595954267308116 1.8101369965297636 7.168623906560242
9 21.879182815551758 0.5195317519828677 19.026645119301975 2.333006971050054
10 40.493568420410156 0.14116101211402565 39.71852689422667 0.6338795697083697
11 53.203758239746094 0.041100819187704474 52.97802116163075 0.18463744259497616
12 55.97136306762695 0.02833426716097165 55.815293530002236 0.12773479682800826
13 49.974761962890625 0.05905185017036274 49.64916641730815 0.26654572261031717
14 38.7900505065918 0.1608158964663744 37.90520058106631 0.7240363325690851
15 26.501972198486328 0.381012212485075 24.407703727018088 1.7132542422041297
16 16.584365844726562 0.754283404443413 12.440113781020045 3.389969004318118
17 11.220595359802246 1.280995943583548 4.183012661524117 5.756587519310415
18 10.922590255737305 1.9167000278830528 0.3916690308476518 8.614220192655921
19 2.97007417678833 2.5754538401961327 0.3946211129295989 0.0
20 6.055924892425537 3.2146655172109604 2.8412603477481753 0.0
21 9.93722152709961 3.7456061206758022 6.191615556948818 0.0
22 13.002372741699219 4.094090431928635 8.90828247438185 0.0
23 14.199600219726562 4.220242477953434 9.979357940377668 0.0
24 13.306640625 4.126825001090765 9.179814359173179 0.0
25 10.843189239501953 3.8535362668335438 6.989653101190925 0.0
26 7.729693412780762 3.4614762607961893 4.268216961645521 0.0
27 4.891763210296631 3.0162772312760353 1.8754870445118286 0.0
28 2.9682247638702393 2.574297059327364 0.3939267926180037 0.0
29 11.964396476745605 2.1758036110550165 0.018651240162352867 9.769941674545407
30 10.62905216217041 1.802858805283904 0.7318244681446231 8.094368546269834
31 10.556693077087402 1.4859685255214572 2.399899070675019 6.670824443921447
32 11.395861625671387 1.2390499198809266 4.594863015809096 5.561948113143444
33 12.607138633728027 1.0642653154209256 6.765616472461261 4.7772571770474315
34 13.663680076599121 0.9572284799069166 8.409631575923413 4.296819981187582
35 14.2006196975708 0.9113779165782034 9.19824760290794 4.090994743164629
36 14.08665657043457 0.9205233356915414 9.034149228129536 4.131984314881265
37 13.415966033935547 0.9794512698426843 8.040160246193409 4.396355549804866
38 12.439716339111328 1.0830206917598844 6.495671697543003 4.861023244448006
39 11.465217590332031 1.2245012670755386 4.744918538373895 5.49579789955169
40 10.754417419433594 1.394007702358067 3.1041107295895927 6.256300034932792
41 10.449706077575684 1.577786449342966 1.7910847790481057 7.080835919827223
42 10.54524040222168 1.75882535148412 0.8933390942838741 7.893075382336974
43 10.908724784851074 1.9188383929431438 0.37888486736483173 8.61100080423057
44 11.342203140258789 2.0411724597215652 0.14110235744283273 9.159926556050777
45 11.657944679260254 2.1138150189071894 0.05817342503348755 9.485955998301506
46 11.74133014678955 2.1315798461437225 0.04393519365123666 9.565815385431051
47 11.579349517822266 2.096809657290578 0.07252788424875689 9.410012105479836
48 11.248669624328613 2.0184450428932905 0.17157331047565094 9.058651976287365
49 10.873529434204102 1.9098610244691372 0.39194621541537344 8.571722574532032
50 10.573660850524902 1.786181803792715 0.7704250690585468 8.017054125666618
51 10.422868728637695 1.6618247674778104 1.3017197044973727 7.4593246495351195
52 10.431133270263672 1.548774579539895 1.930060799320927 6.952297513373196
53 10.552319526672363 1.4557632077485323 2.5614053832832724 6.535150492563844
54 10.71013355255127 1.3882130766287446 3.0897030282067135 6.232218287885189
55 10.82996654510498 1.34864903986454 3.4264793646289036 6.054837668314576
56 10.864640235900879 1.337240264751017 3.5236248733708635 6.003775830380619
57 10.806315422058105 1.3522468088194728 3.382835862808861 6.0712327202782035
58 10.68267822265625 1.3902787389233708 3.0503965398529544 6.242002677172422
59 10.541219711303711 1.4464365243911743 2.6006781769683585 6.494105172343552
60 10.42880630493164 1.5144660538062453 2.1148592503159307 6.799481239169836
61 10.374534606933594 1.587089971639216 1.661964717291994 7.125480638816953
62 10.381587028503418 1.6566066592931747 1.2874302232230548 7.437549992464483
63 10.42995834350586 1.715729981660843 1.0112276441213908 7.702999868430197
64 10.487589836120605 1.758524252101779 0.8338675143022556 7.895198876038194
65 10.524566650390625 1.781220263801515 0.7461124224646483 7.9972343584522605
66 10.524405479431152 1.782703936100006 0.7375961187208304 8.004105533473194
67 10.488341331481934 1.7645453279837966 0.8009443138580536 7.922852163203061
68 10.431926727294922 1.730580403469503 0.9306667528435355 7.770680387504399
69 10.376420974731445 1.686158693395555 1.1186742125428282 7.571588641032577
70 10.339301109313965 1.6372552663087845 1.349660852109082 7.352384207770228
71 10.327861785888672 1.5896357959136367 1.5992887934553437 7.138937651179731
72 10.337995529174805 1.5482122609391809 1.8364912518009078 6.9532918175682425
73 10.35774040222168 1.516640169546008 2.029244964942336 6.811853837221861
74 10.373457908630371 1.4971404569223523 2.1517239141394384 6.724594635888934
75 10.375670433044434 1.4904904682189226 2.1901742620393634 6.695007574744523
76 10.362203598022461 1.4961211513727903 2.1455381221021526 6.720543527975678
77 10.337825775146484 1.5122827272862196 2.0321890953346156 6.793353760614991
78 10.31113052368164 1.5362677033990622 1.87357218543184 6.901290449313819
79 10.29029369354248 1.5647030817344785 1.6963751555304043 7.029216648079455
80 10.279684066772461 1.5939062321558595 1.525172441470204 7.1606054194271564
81 10.278596878051758 1.6203027218580246 1.3788801615301054 7.279414178803563
82 10.282379150390625 1.640847772359848 1.2695549471536651 7.371976301074028
83 10.285070419311523 1.653395228087902 1.2030177904234733 7.4286575289443135
84 10.282230377197266 1.6569394217804074 1.18034968333086 7.444941403344274
85 10.272626876831055 1.6516862912103534 1.1991918792773504 7.42174914944917
86 10.258217811584473 1.6389395585283637 1.2543483713525347 7.364929492585361
87 10.242741584777832 1.6208295319229364 1.3378702207410242 7.284042299725115
88 10.22976303100586 1.599951148033142 1.4390774182975292 7.19073442928493
89 10.221067428588867 1.5789791345596313 1.5450763451226521 7.097012827172875
90 10.216137886047363 1.56032052077353 1.6421330366865732 7.013684422709048
91 10.212797164916992 1.5458520920947194 1.7177664240007289 6.949177692644298
92 10.20848274230957 1.5367573136463761 1.76291110276361 6.9088150030002
93 10.201713562011719 1.5334643386304379 1.7734971236786805 6.894751456566155
94 10.192024230957031 1.5356794642284513 1.7508772973669693 6.905467721633613
95 10.180514335632324 1.5424473080784082 1.7013756360684056 6.936690554954112
96 10.169288635253906 1.5523460116237402 1.6345287465373985 6.982412084937096
97 10.15936279296875 1.5636706165969372 1.5610855834383983 7.034606560133398
98 10.15131950378418 1.5746328877285123 1.4914136637817137 7.08527245093137
99 10.14532470703125 1.5837786169722676 1.4337871342722792 7.127760083414614
99 10.139693260192871 1.5897729638963938 1.393783253908623 7.156137564219534
100 10.133357048034668 1.5918985418975353 1.3742778628366068 7.167179621756077
