0 5.24418830871582 3.0847621485590935 2.159426365462423 0.0
1 105.87147521972656 0.24697866653810419 104.52260735444725 1.1018993658252176
2 11.50028133392334 1.3018190544098616 4.3811490185325965 5.817313686013222
3 13.865821838378906 4.214644979685545 9.651177293155342 0.0
4 34.74282455444336 6.010763064026833 28.7320602145046 0.0
5 35.644134521484375 6.074621677398682 29.56951334886253 0.0
6 22.453853607177734 5.019257485866547 17.434595406986773 0.0
7 8.169687271118164 3.5349148511886597 4.634772831341252 0.0
8 11.83199691772461 2.1533659994602203 0.026935874387163494 9.651694033294916
9 12.411190032958984 1.0926487147808075 6.421132865361869 4.897407632321119
10 21.54360008239746 0.5294069349765778 18.6413116985932 2.372877512127161
11 27.32017707824707 0.3598533682525158 25.347407730296254 1.6129142041318119
12 24.08810806274414 0.4462510868906975 21.641698111779988 2.000161121599376
13 16.41705322265625 0.7633098810911179 12.232480093371123 3.4212639313191175
14 11.143412590026855 1.2974431216716766 4.030645510647446 5.815325420349836
15 10.990612983703613 1.9449176788330078 0.3282972513261484 8.717398881912231
16 2.807535171508789 2.529801517724991 0.27773336616519373 0.0
17 4.829751491546631 3.015685886144638 1.8140668410342187 0.0
18 6.545793533325195 3.3030245304107666 3.2427685789298266 0.0
19 6.860631942749023 3.350334107875824 3.510297768516466 0.0
20 5.757640838623047 3.178170621395111 2.5794681039405987 0.0
21 4.014303207397461 2.851767122745514 1.1625357592129149 0.0
22 2.6110422611236572 2.4553340673446655 0.15570934694551397 0.0
23 11.447173118591309 2.068437695503235 0.107701983070001 9.271033242344856
24 10.471512794494629 1.6696372628211975 1.3183240848593414 7.483552731573582
25 10.984270095825195 1.336178570985794 3.6591494269669056 5.988943237811327
26 12.27041244506836 1.1103650331497192 6.183235354255885 4.976814702153206
27 13.21876049041748 1.0037544071674347 7.716033845208585 4.4989706464111805
28 13.147298812866211 1.0109006613492966 7.605397296138108 4.53100117854774
29 12.198776245117188 1.1197020709514618 6.060412609949708 5.018664639443159
30 11.08323860168457 1.3114305287599564 3.893789779394865 5.878018977120519
31 10.489264488220215 1.555100366473198 1.9639822334283963 6.970181999728084
32 10.63575553894043 1.8056037425994873 0.7371786671865266 8.092973917722702
33 11.220048904418945 2.0112451314926147 0.19411816603678744 9.01468800008297
34 11.714367866516113 2.1286656260490417 0.044720382711602724 9.54098343104124
35 11.754424095153809 2.137186348438263 0.03806234338298964 9.579174526035786
36 11.349357604980469 2.0446166396141052 0.14048087930859765 9.164263866841793
37 10.80886459350586 1.882212221622467 0.49030665861209854 8.436344064772129
38 10.4856595993042 1.6925392597913742 1.206922251440119 7.5862027537077665
39 10.530420303344727 1.516455039381981 2.216996190836653 6.796968122944236
40 10.818596839904785 1.3842281103134155 3.2300654135178775 6.20430813729763
41 11.078276634216309 1.3126173466444016 3.882320274133235 5.883338464424014
42 11.104806900024414 1.3063331991434097 3.9433034404646605 5.8551720175892115
43 10.896017074584961 1.3605313897132874 3.4373897686600685 6.098096050322056
44 10.620394706726074 1.4621032029390335 2.6049371040426195 6.553355427458882
45 10.467643737792969 1.5902091264724731 1.7498887743568048 7.127544477581978
46 10.508262634277344 1.7182734310626984 1.0884431045269594 7.701546985656023
47 10.66197395324707 1.8189825117588043 0.6900532192958053 8.152939472347498
48 10.780974388122559 1.8713485300540924 0.521975345473038 8.387651447206736
49 10.769644737243652 1.8668098747730255 0.5355282446544152 8.367308545857668
50 10.646726608276367 1.8113096058368683 0.7168681191978976 8.118548411875963
51 10.512614250183105 1.7224711030721664 1.0697785497177392 7.720361551269889
52 10.460540771484375 1.6234692335128784 1.5604532105498947 7.276621028780937
53 10.506789207458496 1.5364782363176346 2.0835932285990566 6.886714952066541
54 10.590132713317871 1.4779805690050125 2.4876321328338236 6.6245200503617525
55 10.63152027130127 1.4566706269979477 2.645844321232289 6.529005846008658
56 10.598674774169922 1.4733165353536606 2.5217453838558868 6.6036151852458715
57 10.523979187011719 1.5215128362178802 2.182824790943414 6.819637890905142
58 10.46815299987793 1.5889747440814972 1.757167245959863 7.122011799365282
59 10.467141151428223 1.6596802175045013 1.368538100796286 7.438923832029104
60 10.507207870483398 1.7172247171401978 1.0931349787279032 7.696846500039101
61 10.544145584106445 1.7488701343536377 0.9565879707224667 7.838685780763626
62 10.544255256652832 1.7489495128393173 0.9562585974344984 7.839041566476226
63 10.5101900100708 1.7201537936925888 1.0800588797428645 7.709975039586425
64 10.472800254821777 1.672167882323265 1.3057351624593139 7.49489532969892
65 10.460800170898438 1.6183616816997528 1.5887131509953178 7.253728251904249
66 10.477048873901367 1.5719528049230576 1.8593771400628611 7.0457170363515615
67 10.500260353088379 1.5429023653268814 2.041848092339933 6.915508816018701
68 10.507088661193848 1.536191076040268 2.085470635793172 6.885427858680487
69 10.492436408996582 1.5513658225536346 1.9876284821657464 6.953443240374327
70 10.470839500427246 1.5830855071544647 1.7921418399782851 7.0956153981387615
71 10.46056842803955 1.6224952042102814 1.565817803493701 7.272255290299654
72 10.46701717376709 1.659347265958786 1.370236951916013 7.437431495636702
73 10.480093002319336 1.6845610439777374 1.2450869171880186 7.55044325068593
74 10.485710144042969 1.6926071643829346 1.2065996587625705 7.586507111787796
75 10.478989601135254 1.6828617602586746 1.2533033732324839 7.542826818302274
76 10.467055320739746 1.6594612747430801 1.369655976886861 7.437942499294877
77 10.460634231567383 1.6297464966773987 1.526126473036129 7.304756619036198
78 10.463675498962402 1.601946085691452 1.681574946269393 7.180151205509901
79 10.470906257629395 1.5829533487558365 1.7929304455174133 7.0950230453163385
80 10.474186897277832 1.5767591148614883 1.8301683251047507 7.067259604111314
81 10.470502853393555 1.5837804079055786 1.7879925173474476 7.09873004257679
82 10.463910102844238 1.601073756814003 1.6865980430156924 7.176241302862763
83 10.46054458618164 1.623268648982048 1.5615576281561516 7.275721980258822
84 10.462494850158691 1.6440653949975967 1.4494933496462181 7.368935966864228
85 10.466500282287598 1.6579668521881104 1.3772898141178302 7.431244283914566
86 10.467968940734863 1.6617599129676819 1.3579607594874687 7.448245324194431
87 10.465561866760254 1.6552871763706207 1.3910398646839894 7.4192335940897465
88 10.461946487426758 1.6412716060876846 1.4642633683979511 7.356413805857301
89 10.460525512695312 1.624288260936737 1.555947289452888 7.280292026698589
90 10.462005615234375 1.6092921942472458 1.6396333777811378 7.213077513501048
91 10.464157104492188 1.6002213507890701 1.691513060941361 7.172420697286725
92 10.464510917663574 1.5990223288536072 1.6984424338443205 7.167046509683132
93 10.4628267288208 1.6053179502487183 1.66224578890251 7.195264384150505
94 10.460954666137695 1.6166927516460419 1.598011730820872 7.246247868984938
95 10.460617065429688 1.629497930407524 1.5274778692401014 7.303642509505153
96 10.461723327636719 1.6399541944265366 1.4712607528781518 7.350508978590369
97 10.462752342224121 1.6452488750219345 1.4432616604608484 7.374240493401885
98 10.462547302246094 1.6442962288856506 1.4482771547045559 7.3699705973267555
99 10.461411476135254 1.6379402130842209 1.481992301705759 7.34148202650249
100 10.46058177947998 1.6285415291786194 1.532681679527741 7.299355782568455
101 10.460741996765137 1.6191403418779373 1.5843849640805274 7.2572183180600405
102 10.461472511291504 1.6124933063983917 1.6215533937793225 7.22742535546422
103 10.461824417114258 1.6103006452322006 1.6339260558015667 7.217597534880042
104 10.46142578125 1.6128000766038895 1.6198262901161797 7.228800343349576
105 10.46076488494873 1.6188241839408875 1.5861410394427367 7.255801253020763
106 10.460524559020996 1.6262560337781906 1.545157797227148 7.28911186568439
107 10.46082878112793 1.6327289789915085 1.5099735179683194 7.31812453083694
108 10.461200714111328 1.6363581717014313 1.490453784354031 7.334391091018915
109 10.46119499206543 1.6362948566675186 1.4907946641324088 7.334107303991914
110 10.46084213256836 1.6328923255205154 1.5090921413502656 7.318856673315167
111 10.46054458618164 1.6275056451559067 1.5383274623309262 7.294712802395225
112 10.460586547851562 1.6219879537820816 1.5686179901240394 7.269981721416116
113 10.460824966430664 1.6180627346038818 1.590376968961209 7.2523883283138275
114 10.460946083068848 1.6168024837970734 1.5974000375717878 7.246739704161882
115 10.460803985595703 1.6183549016714096 1.5887502388795838 7.2536978628486395
116 10.460588455200195 1.6219774186611176 1.5686760362586938 7.269934501498938
117 10.460527420043945 1.6263368725776672 1.5447158247116022 7.289474196732044
118 10.460639953613281 1.6299796253442764 1.5248599371989258 7.305801535025239
119 10.460758209228516 1.6318061649799347 1.514960965141654 7.313988346606493
120 10.460724830627441 1.6313944607973099 1.5171886011376046 7.312143029645085
121 10.460599899291992 1.6290891468524933 1.5297000602004118 7.301810283213854
122 10.46052360534668 1.625808447599411 1.5476084742113017 7.287105720490217
123 10.460561752319336 1.6227079927921295 1.5646452715736814 7.273209039121866
124 10.460646629333496 1.6207824647426605 1.5752816863823682 7.264578547328711
125 10.46065616607666 1.6205567419528961 1.576531270693522 7.263566825538874
126 10.460589408874512 1.6219464391469955 1.568846167938318 7.269795646890998
127 10.460528373718262 1.6243462562561035 1.5556287034996785 7.280551970005035
128 10.460538864135742 1.6268672794103622 1.5418149562901817 7.291851555928588
129 10.46058177947998 1.6286558508872986 1.5320570414769463 7.299868188798428
130 10.460599899291992 1.62917822599411 1.529215349291917 7.302209548652172
131 10.460575103759766 1.6283735930919647 1.5335963427787647 7.298603069037199
132 10.460532188415527 1.62663634121418 1.543076868983917 7.290816457942128
133 10.46052360534668 1.6246446818113327 1.5539894395624287 7.281889555975795
134 10.460549354553223 1.6230977922677994 1.5624972563819028 7.274956176057458
135 10.46056842803955 1.6224859207868576 1.5658703018561937 7.272213680669665
136 10.460556983947754 1.6229276657104492 1.5634349326137453 7.274193644523621
137 10.460528373718262 1.624174565076828 1.5565728521323763 7.279782425612211
138 10.46052360534668 1.6257234364748 1.5480734597076662 7.286724688485265
139 10.460531234741211 1.627010703086853 1.5410307684214786 7.292494401335716
140 10.460549354553223 1.627610683441162 1.5377553226426244 7.295183598995209
141 10.460543632507324 1.6273776590824127 1.5390263788867742 7.2941391505301
142 10.460527420043945 1.6264713257551193 1.5439798202714883 7.290076835080981
143 10.460517883300781 1.6252712607383728 1.5505521837621927 7.284697972238064
144 10.460531234741211 1.6242325603961945 1.5562542661791667 7.280042368918657
145 10.460538864135742 1.6237039268016815 1.5591599632170983 7.277672957628965
146 10.46053409576416 1.6238266974687576 1.5584846760611981 7.278223233297467
147 10.460526466369629 1.6244991719722748 1.5547887296997942 7.281237360090017
148 10.46052360534668 1.6254248023033142 1.5497111825970933 7.2853861674666405
149 10.460527420043945 1.6262504011392593 1.5451889263931662 7.289086619392037
150 10.460530281066895 1.6266832798719406 1.5428210550453514 7.291026843711734
151 10.460530281066895 1.626602753996849 1.5432603564113379 7.290665915235877
152 10.460522651672363 1.626092791557312 1.5460512967547402 7.288380190730095
153 10.46052360534668 1.6253791153430939 1.5499613460269757 7.285181391984224
154 10.460528373718262 1.6247379332780838 1.5534791472600773 7.282307522371411
155 10.460528373718262 1.6243974715471268 1.555348438268993 7.280781524255872
156 10.460526466369629 1.6244596391916275 1.5550065311254002 7.281060168519616
157 10.46052074432373 1.624861016869545 1.5528027300024405 7.2828592006117105
158 10.460518836975098 1.625418022274971 1.549747037643101 7.285355778411031
159 10.460526466369629 1.62591452896595 1.5470283210743219 7.287581192329526
160 10.46052360534668 1.6261662244796753 1.5456495969556272 7.288709327578545
161 10.460522651672363 1.6261061429977417 1.5459773264592513 7.288440033793449
162 10.460526466369629 1.6257811188697815 1.547757955850102 7.2869832292199135
163 10.460519790649414 1.6253420859575272 1.5501639424473979 7.285015420988202
164 10.46052074432373 1.624965950846672 1.5522278164280578 7.283329529687762
165 10.460521697998047 1.6247874796390533 1.5532076146337204 7.282529596239328
166 10.460522651672363 1.6248530894517899 1.5528463930240832 7.282823668792844
167 10.46052074432373 1.6251229345798492 1.551366884377785 7.28403315320611
168 10.460522651672363 1.6254714280366898 1.5494555741315708 7.285595150664449
169 10.460524559020996 1.6257544159889221 1.5479044581297785 7.2868635430932045
170 10.460524559020996 1.6258672773838043 1.5472868061624467 7.287369403988123
171 10.460522651672363 1.625787377357483 1.5477237445884384 7.287011280655861
172 10.460519790649414 1.6255618631839752 1.5489599731517956 7.286000493913889
173 10.460521697998047 1.6252943128347397 1.5504259205772541 7.284801295027137
174 10.460521697998047 1.6250956058502197 1.5515158523339778 7.283910661935806
175 10.460522651672363 1.6250282227993011 1.551885498338379 7.283608641475439
176 10.460521697998047 1.6251086443662643 1.5514440395054407 7.283969102427363
177 10.460522651672363 1.625291183590889 1.5504429748398252 7.284787269309163
178 10.460521697998047 1.6254999041557312 1.5492997228284366 7.2857227846980095
179 10.460522651672363 1.6256463527679443 1.5484964259667322 7.286379188299179
180 10.460525512695312 1.62567900121212 1.5483172534732148 7.286525523290038
181 10.46052074432373 1.6255891919136047 1.548808847728651 7.286122985184193
182 10.460519790649414 1.6254262626171112 1.5497025527292863 7.285392712801695
183 10.460522651672363 1.6252672970294952 1.5505747857969254 7.2846802063286304
184 10.460524559020996 1.625175192952156 1.5510784002253786 7.284267382696271
185 10.460519790649414 1.6251780092716217 1.5510627842741087 7.284280005842447
186 10.46052074432373 1.6252656280994415 1.5505825937725604 7.284672725945711
187 10.460519790649414 1.6253980994224548 1.5498576848767698 7.2852664813399315
188 10.460521697998047 1.6255129426717758 1.549227190844249 7.285781225189567
189 10.460524559020996 1.6255624890327454 1.5489553500083275 7.286003299057484
190 10.460519790649414 1.6255402714014053 1.5490784283610992 7.28590371645987
191 10.460521697998047 1.6254555732011795 1.549541256390512 7.285524087026715
192 10.46052360534668 1.6253514736890793 1.5501125741866417 7.285057498142123
193 10.460517883300781 1.6252750158309937 1.5505318419309333 7.284714803099632
194 10.46052360534668 1.6252582222223282 1.5506246130098589 7.284639531746507
195 10.460518836975098 1.6252980679273605 1.5504055787459947 7.284818125888705
196 10.46052360534668 1.6253702491521835 1.5500089130364358 7.2851416524499655
197 10.460521697998047 1.6254412829875946 1.5496199525659904 7.285460036247969
198 10.460521697998047 1.6254806071519852 1.5494049250264652 7.285636292770505
199 10.460526466369629 1.625478833913803 1.5494149932055734 7.285628344863653
200 10.460525512695312 1.625440239906311 1.5496269386494532 7.285455361008644
201 10.46052074432373 1.6253799498081207 1.5499559009913355 7.285185132175684
202 10.46052360534668 1.6253298819065094 1.550231748551596 7.284960720688105
203 10.460517883300781 1.6253099590539932 1.5503393136896193 7.284871423617005
204 10.46052360534668 1.6253259181976318 1.550253631430678 7.284942954778671
205 10.46052360534668 1.6253668069839478 1.550027611083351 7.285126224160194
206 10.460521697998047 1.625419169664383 1.5497407707152888 7.285360921174288
207 10.46052360534668 1.6254583895206451 1.5495272842235863 7.285536710172892
208 10.46052074432373 1.6254600584506989 1.5495179352001287 7.285544190555811
209 10.46052360534668 1.625427931547165 1.5496932037058286 7.285400193184614
210 10.460522651672363 1.625385582447052 1.5499246690887958 7.285210378468037
211 10.46052360534668 1.6253452152013779 1.5501467854483053 7.285029446706176
212 10.460518836975098 1.625331550836563 1.5502223995281383 7.284968201071024
213 10.46052360534668 1.625344380736351 1.5501515113282949 7.285025706514716
214 10.460522651672363 1.6253788024187088 1.5499620651826262 7.285179989412427
215 10.460526466369629 1.6254140585660934 1.5497703588334844 7.285338012501597
216 10.46052360534668 1.6254379451274872 1.5496394725050777 7.28544507548213
217 10.460519790649414 1.6254430562257767 1.5496114254347049 7.28546798415482
218 10.460518836975098 1.6254214644432068 1.5497283395961858 7.285371206700802
219 10.460522651672363 1.6253933012485504 1.5498833690071478 7.2852449752390385
220 10.460521697998047 1.625364512205124 1.5500408640946262 7.28511593863368
221 10.46052074432373 1.625354290008545 1.5500961363431998 7.2850701212883
222 10.460521697998047 1.6253639906644821 1.5500439461902715 7.285113601014018
223 10.46052074432373 1.6253883987665176 1.549909875029698 7.285223001614213
224 10.46052360534668 1.625407800078392 1.5498031317838468 7.28530996106565
225 10.460521697998047 1.625419169664383 1.5497423117631115 7.285360921174288
226 10.460521697998047 1.6254203170537949 1.5497360448352993 7.285366063937545
227 10.460522651672363 1.6254122853279114 1.5497789887012914 7.285330064594746
228 10.460519790649414 1.6253980994224548 1.5498568629845977 7.2852664813399315
229 10.46052074432373 1.6253804713487625 1.5499535380513407 7.285187469795346
230 10.460521697998047 1.6253685802221298 1.5500182620598935 7.285134172067046
231 10.460521697998047 1.6253639906644821 1.5500439461902715 7.285113601014018
232 10.46052074432373 1.6253759860992432 1.5499785030260682 7.285167366266251
233 10.460524559020996 1.6253924667835236 1.549888814042788 7.285241235047579
234 10.460516929626465 1.6254032105207443 1.5498280967585742 7.285289390012622
235 10.460522651672363 1.625407487154007 1.5498054947238415 7.285308558493853
236 10.460522651672363 1.6254049837589264 1.5498202887829393 7.285297337919474
237 10.460516929626465 1.625396117568016 1.549867753055878 7.285257598385215
238 10.460524559020996 1.6253839135169983 1.549935559160076 7.285202898085117
239 10.460522651672363 1.625374212861061 1.5499878520495258 7.285159418359399
240 10.46052074432373 1.6253710836172104 1.5500050090486184 7.285145392641425
241 10.460522651672363 1.625374212861061 1.5499870301573537 7.285159418359399
242 10.460524559020996 1.6253827661275864 1.5499411069322377 7.28519775532186
243 10.460524559020996 1.6253924667835236 1.549888814042788 7.285241235047579
244 10.460522651672363 1.625397577881813 1.5498607669724151 7.285264143720269
245 10.460524559020996 1.625396952033043 1.5498623080202378 7.2852613385766745
246 10.460518836975098 1.6253918409347534 1.5498903550906107 7.285238429903984
247 10.460518836975098 1.6253839135169983 1.5499340181122534 7.285202898085117
248 10.460524559020996 1.6253788024187088 1.5499637089669704 7.285179989412427
249 10.46052360534668 1.625377967953682 1.5499675102182664 7.285176249220967
250 10.460516929626465 1.6253816187381744 1.5499472711235285 7.285192612558603
251 10.460522651672363 1.6253890246152878 1.5499075120897032 7.285225806757808
252 10.460524559020996 1.6253924667835236 1.549888814042788 7.285241235047579
253 10.460518836975098 1.6253918409347534 1.5498911769827828 7.285238429903984
254 10.46052074432373 1.6253878772258759 1.5499122379696928 7.285220663994551
255 10.460516929626465 1.6253816187381744 1.5499472711235285 7.285192612558603
256 10.46052074432373 1.6253799498081207 1.5499574420391582 7.285185132175684
257 10.460522651672363 1.6253821402788162 1.549943367135711 7.285194950178266
258 10.460518836975098 1.625386729836464 1.5499200459453277 7.285215521231294
259 10.46052074432373 1.6253878772258759 1.5499137790175155 7.285220663994551
260 10.460522651672363 1.625385582447052 1.5499246690887958 7.285210378468037
261 10.460522651672363 1.6253813058137894 1.5499488121713512 7.285191209986806
262 10.460522651672363 1.6253810971975327 1.5499496340635233 7.285190274938941
263 10.46052074432373 1.6253847479820251 1.549930114124436 7.285206638276577
264 10.46052360534668 1.6253898590803146 1.549902067054063 7.285229546949267
265 10.460516929626465 1.6253913193941116 1.5498935399227776 7.285236092284322
266 10.460522651672363 1.6253893375396729 1.54990525188623 7.285227209329605
267 10.46052074432373 1.62538443505764 1.5499317579087801 7.28520523570478
268 10.460516929626465 1.6253816187381744 1.549946551967878 7.285192612558603
269 10.46052074432373 1.6253832876682281 1.5499379221000709 7.285200092941523
270 10.460516929626465 1.6253864169120789 1.5499207651009783 7.285214118659496
271 10.460518836975098 1.625386729836464 1.5499200459453277 7.285215521231294
272 10.460524559020996 1.6253839135169983 1.5499348400044255 7.285202898085117
273 10.46052074432373 1.6253832876682281 1.5499379221000709 7.285200092941523
274 10.46052074432373 1.62538443505764 1.549930936016608 7.28520523570478
275 10.46052074432373 1.6253878772258759 1.5499137790175155 7.285220663994551
276 10.460524559020996 1.625387355685234 1.5499153200653382 7.285218326374888
277 10.46052074432373 1.62538443505764 1.5499324770644307 7.28520523570478
278 10.46052074432373 1.6253832876682281 1.5499379221000709 7.285200092941523
279 10.46052074432373 1.62538443505764 1.5499317579087801 7.28520523570478
280 10.460524559020996 1.625387355685234 1.5499161419575103 7.285218326374888
281 10.460522651672363 1.625387042760849 1.549917683005333 7.285216923803091
282 10.460524559020996 1.6253839135169983 1.5499348400044255 7.285202898085117
283 10.460516929626465 1.6253830790519714 1.5499394631478935 7.285199157893658
284 10.460519790649414 1.6253842264413834 1.5499332989566028 7.285204300656915
285 10.460524559020996 1.625387355685234 1.5499168611131608 7.285218326374888
286 10.460522651672363 1.625387042760849 1.549917683005333 7.285216923803091
287 10.460524559020996 1.6253839135169983 1.5499348400044255 7.285202898085117
288 10.460516929626465 1.6253830790519714 1.5499394631478935 7.285199157893658
289 10.46052074432373 1.62538443505764 1.5499324770644307 7.28520523570478
290 10.460524559020996 1.6253875643014908 1.5499146009096876 7.285219261422753
291 10.460524559020996 1.625387355685234 1.5499168611131608 7.285218326374888
292 10.460524559020996 1.6253839135169983 1.549935559160076 7.285202898085117
293 10.460524559020996 1.6253827661275864 1.5499411069322377 7.28519775532186
294 10.460518836975098 1.6253839135169983 1.5499340181122534 7.285202898085117
295 10.460524559020996 1.625387355685234 1.5499168611131608 7.285218326374888
296 10.460518836975098 1.625386729836464 1.549918504897505 7.285215521231294
297 10.460518836975098 1.6253832876682281 1.5499372029444203 7.285200092941523
298 10.460522651672363 1.6253821402788162 1.549943367135711 7.285194950178266
299 10.46052074432373 1.6253832876682281 1.5499379221000709 7.285200092941523
300 10.460522651672363 1.6253862082958221 1.549923128040973 7.285213183611631
301 10.46052074432373 1.625385269522667 1.5499270320287906 7.285208975896239
302 10.460516929626465 1.6253816187381744 1.549946551967878 7.285192612558603
303 10.46052360534668 1.6253824532032013 1.5499426479800604 7.285196352750063
304 10.460522651672363 1.6253850609064102 1.5499278539209627 7.285208040848374
305 10.460522651672363 1.6253893375396729 1.54990525188623 7.285227209329605
306 10.460522651672363 1.6253895461559296 1.5499028889462352 7.28522814437747
307 10.460518836975098 1.625386729836464 1.5499200459453277 7.285215521231294
308 10.46052074432373 1.6253804713487625 1.5499527161591686 7.285187469795346
309 10.460519790649414 1.6253796368837357 1.5499581611948088 7.285183729603887
310 10.46052074432373 1.6253832876682281 1.549938743992243 7.285200092941523
311 10.46052074432373 1.6253883987665176 1.5499106969218701 7.285223001614213
312 10.460522651672363 1.6253895461559296 1.5499036081018858 7.28522814437747
313 10.460524559020996 1.625387355685234 1.5499153200653382 7.285218326374888
314 10.460522651672363 1.6253821402788162 1.5499449081835337 7.285194950178266
315 10.460516929626465 1.6253793239593506 1.549959804979153 7.285182327032089
316 10.460522651672363 1.6253816187381744 1.5499480930157006 7.285192612558603
317 10.460524559020996 1.6253875643014908 1.5499146009096876 7.285219261422753
318 10.460527420043945 1.6253901720046997 1.5499013478984125 7.285230949521065
319 10.46052074432373 1.6253883987665176 1.5499106969218701 7.285223001614213
320 10.46052360534668 1.6253836005926132 1.5499363810522482 7.28520149551332
321 10.460522651672363 1.6253813058137894 1.5499488121713512 7.285191209986806
322 10.46052360534668 1.6253836005926132 1.5499363810522482 7.28520149551332
323 10.460524559020996 1.6253875643014908 1.5499146009096876 7.285219261422753
324 10.46052074432373 1.6253878772258759 1.5499122379696928 7.285220663994551
325 10.460522651672363 1.6253850609064102 1.5499285730766132 7.285208040848374
326 10.46052074432373 1.62538443505764 1.5499317579087801 7.28520523570478
327 10.460522651672363 1.625385895371437 1.5499239499331452 7.285211781039834
328 10.460518836975098 1.6253839135169983 1.5499340181122534 7.285202898085117
329 10.46052074432373 1.62538443505764 1.5499317579087801 7.28520523570478
330 10.460522651672363 1.625387042760849 1.549917683005333 7.285216923803091
331 10.460522651672363 1.625385582447052 1.5499246690887958 7.285210378468037
332 10.460522651672363 1.6253813058137894 1.5499488121713512 7.285191209986806
333 10.460516929626465 1.6253816187381744 1.5499472711235285 7.285192612558603
334 10.460516929626465 1.6253864169120789 1.5499207651009783 7.285214118659496
335 10.460524559020996 1.625387355685234 1.5499161419575103 7.285218326374888
336 10.46052074432373 1.62538443505764 1.549930936016608 7.28520523570478
337 10.460518836975098 1.6253839135169983 1.5499340181122534 7.285202898085117
338 10.460522651672363 1.625385582447052 1.5499262101366185 7.285210378468037
339 10.460518836975098 1.6253832876682281 1.5499372029444203 7.285200092941523
340 10.460524559020996 1.6253839135169983 1.549935559160076 7.285202898085117
341 10.460522651672363 1.625385895371437 1.5499239499331452 7.285211781039834
342 10.46052074432373 1.62538443505764 1.549930936016608 7.28520523570478
343 10.46052074432373 1.625385269522667 1.5499270320287906 7.285208975896239
344 10.460524559020996 1.6253827661275864 1.5499418260878883 7.28519775532186
345 10.460522651672363 1.6253821402788162 1.549943367135711 7.285194950178266
346 10.460519790649414 1.6253842264413834 1.5499332989566028 7.285204300656915
347 10.46052074432373 1.6253878772258759 1.5499129571253434 7.285220663994551
348 10.460524559020996 1.6253875643014908 1.5499146009096876 7.285219261422753
349 10.460524559020996 1.6253839135169983 1.5499348400044255 7.285202898085117
350 10.460524559020996 1.6253827661275864 1.5499418260878883 7.28519775532186
351 10.460518836975098 1.6253832876682281 1.5499372029444203 7.285200092941523
352 10.460516929626465 1.6253864169120789 1.5499207651009783 7.285214118659496
353 10.460522651672363 1.625385582447052 1.5499254909809679 7.285210378468037
354 10.460516929626465 1.6253816187381744 1.5499472711235285 7.285192612558603
355 10.460522651672363 1.6253821402788162 1.549943367135711 7.285194950178266
356 10.460522651672363 1.6253850609064102 1.5499278539209627 7.285208040848374
357 10.46052360534668 1.6253898590803146 1.549902067054063 7.285229546949267
358 10.460522651672363 1.6253901720046997 1.5498998068505898 7.285230949521065
359 10.460518836975098 1.625386729836464 1.5499192240531556 7.285215521231294
360 10.460524559020996 1.6253801584243774 1.5499550790991634 7.285186067223549
361 10.46052360534668 1.6253791153430939 1.5499613460269757 7.285181391984224
362 10.46052074432373 1.6253832876682281 1.549938743992243 7.285200092941523
363 10.460522651672363 1.6253890246152878 1.5499067929340526 7.285225806757808
364 10.460522651672363 1.6253906935453415 1.549897443910595 7.285233287140727
365 10.46052074432373 1.6253883987665176 1.5499106969218701 7.285223001614213
366 10.46052360534668 1.6253824532032013 1.5499426479800604 7.285196352750063
367 10.460516929626465 1.6253793239593506 1.5499589830869809 7.285182327032089
368 10.460522651672363 1.6253819316625595 1.5499457300757058 7.285194015130401
369 10.460516929626465 1.6253864169120789 1.5499207651009783 7.285214118659496
370 10.460524559020996 1.625387355685234 1.5499168611131608 7.285218326374888
371 10.46052074432373 1.62538443505764 1.5499324770644307 7.28520523570478
372 10.460519790649414 1.6253842264413834 1.5499332989566028 7.285204300656915
373 10.460522651672363 1.6253862082958221 1.549923128040973 7.285213183611631
374 10.46052074432373 1.62538443505764 1.549930936016608 7.28520523570478
375 10.46052074432373 1.625385269522667 1.5499270320287906 7.285208975896239
376 10.460516929626465 1.6253827661275864 1.5499402850400656 7.28519775532186
377 10.460516929626465 1.6253827661275864 1.5499402850400656 7.28519775532186
378 10.460522651672363 1.6253850609064102 1.5499278539209627 7.285208040848374
379 10.460522651672363 1.6253895461559296 1.5499044299940579 7.28522814437747
380 10.460522651672363 1.6253895461559296 1.5499036081018858 7.28522814437747
381 10.460522651672363 1.6253862082958221 1.549923128040973 7.285213183611631
382 10.460516929626465 1.6253793239593506 1.5499589830869809 7.285182327032089
383 10.460522651672363 1.6253788024187088 1.5499628870747983 7.285179989412427
384 10.460518836975098 1.6253832876682281 1.5499372029444203 7.285200092941523
385 10.460522651672363 1.6253901720046997 1.5499005260062404 7.285230949521065
386 10.46052360534668 1.6253921538591385 1.54988963593496 7.285239832475781
387 10.460522651672363 1.6253895461559296 1.5499036081018858 7.28522814437747
388 10.460524559020996 1.6253839135169983 1.549935559160076 7.285202898085117
389 10.46052074432373 1.6253807842731476 1.549951997003518 7.285188872367144
390 10.46052074432373 1.6253832876682281 1.549938743992243 7.285200092941523
391 10.46052074432373 1.6253878772258759 1.5499129571253434 7.285220663994551
392 10.46052074432373 1.6253883987665176 1.549909875029698 7.285223001614213
393 10.460522651672363 1.6253850609064102 1.5499278539209627 7.285208040848374
394 10.46052074432373 1.62538443505764 1.549930936016608 7.28520523570478
395 10.460516929626465 1.6253864169120789 1.5499207651009783 7.285214118659496
396 10.46052074432373 1.62538443505764 1.549930936016608 7.28520523570478
397 10.460522651672363 1.6253850609064102 1.5499278539209627 7.285208040848374
398 10.46052074432373 1.6253878772258759 1.5499122379696928 7.285220663994551
399 10.460518836975098 1.625386729836464 1.5499192240531556 7.285215521231294
