0 16.058565139770508 0.881727650295943 11.227766010095365 3.9490718729794025
1 71.18566131591797 8.4383599832654 62.74729881435633 0.0
2 11.818588256835938 3.9814996272325516 7.837088409345597 0.0
3 12.38366413116455 1.1024467358365655 6.344950251979753 4.936267748475075
4 31.588022232055664 0.26318931370042264 30.14057413348928 1.1842599385417998
5 15.755694389343262 0.7831842098385096 11.296287306817248 3.676222969777882
6 24.144027709960938 4.23193533718586 19.91209102841094 0.0
7 9.054278373718262 2.226612336933613 0.8908981785405606 5.9367674589157104
8 15.452987670898438 0.8469770634546876 10.818220917135477 3.787788572255522
9 15.902604103088379 0.7922578533180058 11.498287580907345 3.612058302387595
10 12.851751327514648 0.9632400516420603 7.46083375310991 4.427678448148072
11 10.728976249694824 1.2859083404764533 3.5892119521740824 5.853855731897056
12 10.341226577758789 1.7095099855214357 0.8839625576038088 7.74775418266654
13 10.634326934814453 2.0749700739979744 0.09116655403839491 8.468190927058458
14 8.026185989379883 2.2171799559146166 0.07890213333294022 5.7301050163805485
15 9.462396621704102 2.158252676948905 0.06993592941372326 7.234208181500435
16 10.938518524169922 1.9315226823091507 0.304752509895603 8.702242696657777
17 10.340518951416016 1.6311064129695296 1.3633413739080424 7.346070307306945
18 10.641494750976562 1.3832388808950782 3.0303273034805898 6.227929110638797
19 11.199180603027344 1.2451975513249636 4.348421292903367 5.605561974458396
20 11.305868148803711 1.2274363655596972 4.553789822151884 5.524641681462526
21 10.899413108825684 1.3172064162790775 3.654199737473391 5.9280070047825575
22 10.455848693847656 1.4856609115377069 2.284103324142052 6.686084768734872
23 10.40618896484375 1.684625637717545 1.1391989553376334 7.5823643347248435
24 10.699726104736328 1.8507111873477697 0.5179279833919281 8.331087060272694
25 10.924955368041992 1.9271260276436806 0.3218220037924766 8.676006712019444
26 10.8165922164917 1.892782486975193 0.40231280233638245 8.52149767242372
27 10.526679992675781 1.7722982978448272 0.7762950980177266 7.978086607530713
28 10.376530647277832 1.6180927604436874 1.4762288460915443 7.2822090946137905
29 10.475253105163574 1.4831455079838634 2.3191207461059093 6.672987034544349
30 10.647500991821289 1.4034473188221455 2.931005571037531 6.313048097305
31 10.675143241882324 1.3938460918143392 3.0118341121124104 6.269463703967631
32 10.536520957946777 1.4502026485279202 2.5625574822188355 6.523760638199747
33 10.395130157470703 1.5522085707634687 1.858352604409447 6.984569919295609
34 10.391653060913086 1.666692758910358 1.2226953390345443 7.502264918759465
35 10.492105484008789 1.755482092499733 0.8321933315455681 7.9044302720576525
36 10.551528930664062 1.7890755478292704 0.7049882517021615 8.057464964687824
37 10.495198249816895 1.7592997690662742 0.8116992613577168 7.924199820496142
38 10.394119262695312 1.6823053136467934 1.1343292253586696 7.57748459931463
39 10.359307289123535 1.5894273091107607 1.6109290899912594 7.158951431512833
40 10.40599250793457 1.5129484673961997 2.0783367041149177 6.814707407727838
41 10.451554298400879 1.475238036364317 2.3301381526107434 6.646178273484111
42 10.428107261657715 1.4840671950951219 2.255292215733789 6.688747006468475
43 10.360836029052734 1.5323956636711955 1.9175130623334553 6.910926844924688
44 10.324075698852539 1.6008396558463573 1.4980551489279605 7.225180774927139
45 10.343567848205566 1.6630624225363135 1.168333570822142 7.512171293608844
46 10.37047004699707 1.6948910662904382 1.013739716672717 7.66183902695775
47 10.353158950805664 1.684559310786426 1.0483542862784816 7.620244910009205
48 10.30476188659668 1.6380338165909052 1.2526214008576062 7.414105659350753
49 10.27688217163086 1.5753054451197386 1.567339590859774 7.134236904792488
50 10.286072731018066 1.5205241926014423 1.8750421583245043 6.890506598167121
51 10.297369003295898 1.4918216224759817 2.0395447450355277 6.76600243896246
52 10.28043270111084 1.4957240223884583 1.9940325352799846 6.790676528587937
53 10.250402450561523 1.5258940374478698 1.7885100284256623 6.935998015105724
54 10.238924980163574 1.566323476843536 1.544099642913352 7.12850274797529
55 10.247039794921875 1.5972427725791931 1.3722844397320841 7.277513422071934
56 10.24826431274414 1.6037905048578978 1.3299912114844972 7.314482138492167
57 10.229930877685547 1.582727829925716 1.4232129620345835 7.223989760503173
58 10.209149360656738 1.543203927576542 1.6185731206118419 7.047372958622873
59 10.204808235168457 1.5024912832304835 1.8385380235455386 6.863778832368553
60 10.208907127380371 1.4766032360494137 1.9845962527832626 6.7477072374895215
61 10.202455520629883 1.4741530753672123 1.9891689733222706 6.739132991991937
62 10.186921119689941 1.4926450923085213 1.8671300033503373 6.827146992087364
63 10.179374694824219 1.5204810481518507 1.7013181950391836 6.957576600834727
64 10.182008743286133 1.5420589772984385 1.5820650368248481 7.057885284535587
65 10.180449485778809 1.5457601631060243 1.5605903232201643 7.074098715558648
66 10.169565200805664 1.5300849629566073 1.639905114630004 6.999574398621917
67 10.160422325134277 1.5041521843522787 1.7793740604167025 6.876896438188851
68 10.159071922302246 1.4819506835192442 1.9059987293981477 6.771123790182173
69 10.156913757324219 1.4743405422195792 1.9496105025440433 6.732962353155017
70 10.147517204284668 1.4837272763252258 1.8901222923036274 6.773667604662478
71 10.137731552124023 1.503716773353517 1.7701972183613275 6.8638171926140785
72 10.133108139038086 1.5227323146536946 1.6603673491556883 6.950008351355791
73 10.127963066101074 1.5303514590486884 1.6136792598494871 6.983932056464255
74 10.117081642150879 1.5230484763160348 1.6449186261018354 6.949113175272942
75 10.104637145996094 1.505730870179832 1.730215123029469 6.868691435083747
76 10.095020294189453 1.488399587571621 1.817926389505371 6.788693821057677
77 10.084256172180176 1.4796257903799415 1.8551351563966785 6.749494471587241
78 10.06860065460205 1.4822966139763594 1.821694628180404 6.764609892852604
79 10.050776481628418 1.492414609529078 1.7427917961980524 6.81557028926909
80 10.033721923828125 1.5018015839159489 1.6677768839796443 6.864143732003868
81 10.01468276977539 1.502878561615944 1.6364041112419083 6.875400802120566
82 9.99057388305664 1.4930656496435404 1.6601067096083246 6.837401412427425
83 9.963181495666504 1.4760778611525893 1.7199041681316531 6.767199769616127
84 9.933881759643555 1.459137698635459 1.7763617042848732 6.698382528498769
85 9.900205612182617 1.44827916380018 1.7921386507633423 6.659787402488291
86 9.86016845703125 1.4449980491772294 1.7563879758562426 6.658782875165343
87 9.814225196838379 1.4454077612608671 1.6913724404371753 6.677445342764258
88 9.75844955444336 1.4428441105410457 1.6308529825911187 6.684751809574664
89 9.682772636413574 1.4313175454735756 1.5925860094564954 6.658869486302137
90 9.602760314941406 1.4077578196302056 1.605924346896817 6.589078198187053
91 9.54117488861084 1.3703483575955033 1.7012909434537475 6.469534872099757
92 9.508684158325195 1.3220503572374582 1.886714781676858 6.299919254146516
93 9.473199844360352 1.2686450202018023 2.1257762962125994 6.0787786385044456
94 9.453261375427246 1.2202603602781892 2.3378394923664665 5.895160739310086
95 9.440764427185059 1.1877335738390684 2.4459616356855403 5.807068970985711
96 9.40123176574707 1.1771535305306315 2.4310677813131725 5.793010568246245
97 9.367097854614258 1.183692160062492 2.349103039482837 5.83430212084204
98 9.356496810913086 1.1956680221483111 2.2681171424351123 5.892712361179292
99 9.360307693481445 1.2012038249522448 2.2420578457726084 5.917046396993101
100 9.347448348999023 1.1924339039251208 2.2807849014773893 5.874230349436402
101 9.30705451965332 1.1740963943302631 2.3441577105253466 5.788801181130111
102 9.250509262084961 1.1581919277086854 2.3727126371341773 5.719604499638081
103 9.196158409118652 1.1513164825737476 2.3480977026410437 5.696744441986084
104 9.159377098083496 1.1483349287882447 2.316538807012415 5.694503375329077
105 9.128034591674805 1.1393914120271802 2.3327294649811865 5.655913452617824
106 9.078088760375977 1.1218866994604468 2.393449329605816 5.562753125093877
107 9.013903617858887 1.1096369354054332 2.4067502171713695 5.497516048140824
108 8.938985824584961 1.1124721253290772 2.306241035733139 5.520272930152714
109 8.87417221069336 1.1253250977024436 2.1524757459258845 5.596370454877615
110 8.830129623413086 1.1310040298849344 2.0766008259718935 5.622526013292372
111 8.759977340698242 1.1127042695879936 2.112067886694999 5.5352045856416225
112 8.67160415649414 1.081602436490357 2.1990768435038826 5.390925185754895
113 8.593098640441895 1.0615808423608541 2.228933719103189 5.3025839095935225
114 8.509214401245117 1.050383847206831 2.182984055760933 5.275845662225038
115 8.39803695678711 1.0277546774595976 2.1746951806676234 5.195586204063147
116 8.278902053833008 0.9938122262246907 2.241662647416458 5.043426842428744
117 8.163257598876953 0.9623074280098081 2.298855476373773 4.902094424236566
118 8.036232948303223 0.9469744269736111 2.220216971618578 4.869041927624494
119 7.897582054138184 0.9244522587396204 2.1633703864916627 4.809759464580566
120 7.723795413970947 0.872621061746031 2.2637365273387484 4.587437661830336
121 7.545318603515625 0.8205523793585598 2.3599165500664396 4.364849476143718
122 7.343896865844727 0.7853092863224447 2.3295176809668483 4.229069780092686
123 7.098862648010254 0.746296250494197 2.2736334282704664 4.078932857140899
124 6.838301658630371 0.6734653413295746 2.454072486377655 3.7107640402391553
125 6.567123889923096 0.6401019617915154 2.3624652754896283 3.564556324156001
126 6.293397426605225 0.5956487215589732 2.345063180103054 3.352685282472521
127 6.048277378082275 0.5242577660828829 2.521408331824797 3.0026112641207874
128 5.9377336502075195 0.5629207778256387 2.0448565782234835 3.329956231173128
129 6.7007551193237305 0.32009640691103414 4.477904219119624 1.902754606853705
130 7.400471210479736 0.7161893881857395 2.5162370108624748 4.168044416233897
131 8.173205375671387 0.22364855124033056 6.565709663780581 1.3838465811277274
132 5.4941511154174805 0.37218689249129966 2.7605799539052436 2.3613843722851016
133 9.646148681640625 0.917117084376514 3.621064563852069 5.107967854943126
134 8.167926788330078 0.25562520980020054 6.315439823112683 1.5968626441899687
135 8.643917083740234 0.24879846718977205 6.872249808395281 1.5228687455819454
136 5.329883575439453 0.631581517867744 0.8768662640597377 3.821435642428696
137 7.768985748291016 0.8547819182276726 1.853858973610631 5.060344547498971
138 7.1617512702941895 0.27605179144302383 5.154799417388858 1.7309004335547797
139 5.265229225158691 0.3166496735648252 3.028831296210001 1.9197488210629672
140 5.644717216491699 0.545170963043347 1.6490362078680962 3.450510060880333
141 5.015395641326904 0.5129531580023468 1.0460256662992151 3.4564170411322266
142 4.348757743835449 0.2728228190098889 2.0228941048826528 2.0530412475345656
143 5.119525909423828 0.18013068195432425 3.339978862379212 1.599416480283253
144 4.110597133636475 0.22117405093740672 1.9698396847914594 1.9195834656711668
145 3.99130916595459 0.2559734908863902 1.397407056201887 2.337928463704884
146 3.92635440826416 0.19050687851267867 1.7431033714699062 1.9927441705658566
147 3.753312110900879 0.12767587164853467 2.2707008250836034 1.3549354730275809
148 2.8129146099090576 0.12419672324631392 0.7809535438114019 1.9077646090167946
149 3.742791175842285 0.23586659086868167 1.0383572699594197 2.46856719837524
150 2.5414364337921143 0.048671198264855775 1.009806068491254 1.4829590962913244
151 3.3585991859436035 0.04937568875902798 2.221741316095051 1.0874820136232302
152 2.919569253921509 0.08502088492969051 0.9753321748776216 1.8592161359556485
153 2.366945743560791 0.04473900180300916 0.5903581185621078 1.7318490057963984
154 3.4338912963867188 0.12627248187891382 1.1594561284437077 2.1481625435098977
155 2.580458879470825 0.08552297898995675 0.7665389270877654 1.728396869078324
156 3.580761671066284 0.09266872686566785 2.0579192948816853 1.4301735517656198
157 2.983616828918457 0.09517104949918576 0.8068406427979866 2.0816052297695933
158 3.1481924057006836 0.14408707143547872 0.6298928082869679 2.3742124120077364
159 3.042461633682251 0.02788221338926178 1.5865592473128345 1.4280199625488805
160 2.3913655281066895 0.041011341723788064 0.899550657954827 1.4508035381222726
161 2.5799739360809326 0.07859812701281044 0.4713334313928499 2.0300420454877894
162 3.1202430725097656 0.11991234455672384 0.7661853626818563 2.234145190459685
163 2.5025830268859863 0.04228090857122879 0.8219756162304739 1.6383265353514957
164 2.4699625968933105 0.008359461907957666 1.136578965596569 1.3250241541475498
165 2.3358285427093506 0.03161597132566385 0.7590461845638856 1.5451665680629958
166 2.203787088394165 0.025084113774937578 0.502379292976002 1.676323609958672
167 2.2767317295074463 0.04072401581288432 0.48215262621759053 1.7538551379620912
168 2.279287338256836 0.035488419658577186 0.5126428849936413 1.7311561214828544
169 2.0897397994995117 0.005571137893298328 0.49911117999452526 1.5850576682797919
170 2.0372095108032227 0.0008214866934963538 0.40822003145967756 1.6281680585165361
171 2.140291929244995 0.010434785446705064 0.6888059009267025 1.441051261364919
172 2.0566353797912598 0.0024601482106643147 0.19089348698791364 1.8632818147286279
173 2.0438005924224854 0.003894256804418461 0.09409413567584357 1.945812252449309
174 2.1242127418518066 0.010197426634024453 0.18137971830274835 1.9326355051101753
175 2.050018310546875 0.0020001747916307266 0.21421351316834603 1.8338046631180998
176 1.9914207458496094 0.005376096006216358 0.16332824457135287 1.8227164393849173
177 1.9518349170684814 0.005677103820744378 0.1037384501373855 1.8424191892231647
178 1.952807903289795 0.0011694732139631014 0.09689908025468208 1.8547394619497481
179 1.9755104780197144 0.000746789976702189 0.12884209668809107 1.8459215970553036
180 1.9692120552062988 0.0006572055300858581 0.18422716865139854 1.784327688502761
181 1.9662468433380127 0.00038444319390862347 0.23432938714734064 1.7315330831813491
182 1.9721102714538574 0.0011214244545953989 0.2704087593932856 1.7005801214029361
183 1.9841564893722534 0.0013088032301311614 0.29412599540456086 1.688721600745339
184 1.9724043607711792 0.0008321804853039794 0.2688096734782568 1.7027624714435206
185 1.962012767791748 0.00029596252754515717 0.22849865783268797 1.733218117928735
186 1.968024730682373 0.0004548751573783538 0.20302538286572613 1.764544489290706
187 1.974179744720459 0.0011387229265480414 0.19112789271610114 1.7819130641814864
188 1.9673125743865967 0.0011219000406974544 0.185989147955363 1.7802014078597357
189 1.957179307937622 0.0008529943385165994 0.19200336087402547 1.7643229344575717
190 1.9508287906646729 0.0002993012985381682 0.20642944081998849 1.7441000198809284
191 1.9497337341308594 0.00014671078158559614 0.20650520182744003 1.7430819811259508
192 1.950103521347046 0.0011968057220883566 0.188148996734526 1.7607575750276396
193 1.9458229541778564 0.0011336616951211909 0.1661947167051494 1.7784946806318813
194 1.9397674798965454 0.00012118248157699796 0.15060248913846408 1.7890438792327137
195 1.9413278102874756 0.0005663434952204449 0.14084610475629233 1.7999153818542344
196 1.9431962966918945 0.001131279209346303 0.13344002835529523 1.8086252595775536
197 1.9383056163787842 0.00040055725115095697 0.12780233827785992 1.8101026952434378
198 1.9343066215515137 0.0001084374078794692 0.12678131595791342 1.8074168305312261
199 1.9338642358779907 0.0005107469937684073 0.13329044742590668 1.800062938648756
200 1.9328842163085938 0.0003388135554516225 0.1445874876469162 1.7879579898547227
201 1.9309613704681396 2.998552251765041e-05 0.1499408045953743 1.780990511784358
202 1.9277812242507935 9.456679343827767e-05 0.14130718322992308 1.7863796158540464
203 1.9248507022857666 9.891793223976153e-05 0.12521076524761288 1.799540946118094
204 1.9248323440551758 2.935785510960187e-05 0.11465101245464027 1.810152053899603
205 1.924069881439209 2.1353754632219557e-05 0.11527341726903562 1.8087750741546826
206 1.9203345775604248 4.891156838893185e-05 0.12639855659983468 1.7938872257269707
207 1.9177297353744507 9.610731451958898e-05 0.14378852297474118 1.7738451642476445
208 1.916307806968689 7.477017191082069e-05 0.15739031088602384 1.7588428238220173
209 1.9130499362945557 7.269646797236629e-05 0.15945286925237967 1.753524491945425
210 1.9082739353179932 7.92877026435379e-05 0.153825919030794 1.754368782431324
211 1.905011773109436 9.732797361472478e-05 0.14950615156028194 1.7554082629613739
212 1.9027210474014282 0.0001222600239494387 0.15121826394080648 1.751380506479435
213 1.8990962505340576 0.00011557439949208548 0.15815715494862653 1.7408235442490834
214 1.895140290260315 5.720356411448302e-05 0.16891126996109537 1.7261717820783586
215 1.8929269313812256 7.680944081306373e-05 0.18112759112709706 1.71172251829754
216 1.8909430503845215 9.363849077972941e-05 0.18963137580981812 1.7012180142041973
217 1.888395071029663 7.348588741606932e-05 0.19237309276923462 1.6959486217533866
218 1.8868939876556396 2.220154437582167e-05 0.19478135581088712 1.692090339420234
219 1.886081337928772 3.049434475643764e-05 0.2027858974064956 1.6832649897046912
220 1.884835958480835 4.119808739827535e-05 0.21625383768109332 1.6685407743180225
221 1.8841313123703003 2.9307978786141664e-05 0.23059893021544656 1.6535029558467906
222 1.8840378522872925 6.827666573541724e-05 0.23955079087933936 1.6444186597081922
223 1.8833726644515991 4.6254410526636036e-05 0.24429245737859304 1.639034023695988
224 1.8854175806045532 0.0001645662795715097 0.24010990317478187 1.6451430897207513
225 1.8837482929229736 0.0006958528863205693 0.22624475764649787 1.6568074868039633
226 1.8817301988601685 0.0005906229661396534 0.22676682177012708 1.654372888907195
227 1.8801954984664917 0.00034950126616450916 0.22656941413017861 1.653276576112578
228 1.8776605129241943 0.00010034912200529433 0.21769633979809555 1.6598637778209522
229 1.8773056268692017 0.0003610011135037894 0.2107789914748821 1.6661655960388657
230 1.8759630918502808 0.00041732368706792755 0.21324710501663802 1.6622987450093527
231 1.8737773895263672 0.0003643187681322546 0.21808713038050342 1.6553260182874503
232 1.8707706928253174 6.409066499302174e-05 0.21949044996291356 1.6512161625057216
233 1.869744062423706 0.0002194840081131133 0.21838926267092762 1.6511353106321738
234 1.8682281970977783 0.00021481450997501428 0.21736668322974206 1.6506466840660563
235 1.8665781021118164 0.0001748396490866 0.2151397782416277 1.651263531607352
236 1.8643970489501953 7.092354035087567e-05 0.21153661235334997 1.6527896499311363
237 1.8625924587249756 7.715678464204068e-05 0.20742768141820633 1.6550876795309577
238 1.8616420030593872 0.00019534514134911252 0.2035799572458279 1.6578667420829911
239 1.8594846725463867 0.00014347852810248085 0.1990430203479483 1.6602983039982373
240 1.857456088066101 8.657921356602927e-05 0.19301264248093686 1.664356857813996
241 1.8556137084960938 4.4192821269883886e-05 0.1884999289848314 1.6670696371424794
242 1.853792428970337 5.477529888422983e-05 0.18785802836066168 1.665879664688982
243 1.8520888090133667 4.935936243391503e-05 0.1885604617828971 1.6634791005083513
244 1.8502743244171143 3.2156312280040567e-05 0.18868787190248734 1.6615540662394992
245 1.8488432168960571 7.305243448318954e-05 0.19256597031393952 1.6562041781453185
246 1.8473789691925049 0.00010399674813296733 0.19695963411070155 1.6503153390682543
247 1.8458292484283447 8.346939725933922e-05 0.1984093583951142 1.6473364233987438
248 1.844789743423462 4.6723719348218395e-05 0.20023826684945512 1.644504703341221
249 1.8430957794189453 6.100569159361857e-05 0.1969940684039134 1.646040727074123
250 1.841951847076416 0.00011614437077844819 0.19822469712944515 1.6436110316823394
251 1.8404477834701538 0.00010536039136932462 0.19894809773053027 1.6413943884808844
252 1.8390710353851318 5.31480689329733e-05 0.20056337836783755 1.6384545414061509
253 1.837895154953003 7.98766038561105e-05 0.2066654112267694 1.6311498476363484
254 1.836883544921875 9.777849830960861e-05 0.2093557930752925 1.6274300238335129
255 1.8357642889022827 3.9677023468964734e-05 0.2104425754386762 1.6252819885208472
256 1.834592342376709 1.2980292403597105e-05 0.21419510494846583 1.620384193197739
257 1.8338074684143066 4.1040573839190575e-05 0.21505620263095357 1.6187100882320027
258 1.8331027030944824 7.207790679808479e-05 0.21685900141692138 1.6161716038798046
259 1.8322498798370361 3.3298840042772504e-05 0.22262350750030319 1.6095930318893275
260 1.8313931226730347 1.0624417667914887e-05 0.22336853755792618 1.6080139505398057
261 1.830782175064087 2.0359956497628673e-05 0.22745499193030572 1.6033069376883868
262 1.8302828073501587 3.459396415150806e-05 0.22897136828119305 1.6012768403789512
263 1.829737901687622 2.4579884630338e-05 0.2286375752605676 1.601075695575871
264 1.8292347192764282 1.1880426857707738e-05 0.23110696970259126 1.5981159094501562
265 1.8288789987564087 2.1815374096623152e-05 0.23004353375704767 1.5988135406325852
266 1.8285431861877441 1.73864030883486e-05 0.23387091234295032 1.594654873184083
267 1.8281611204147339 5.187944946444256e-06 0.2336753441171311 1.594480502555799
268 1.8279751539230347 1.3098950860518377e-05 0.23915308365848517 1.588809094184594
269 1.82817542552948 2.8706526609689753e-05 0.23654631874783716 1.5916005631140755
270 1.82914137840271 4.3822995007603005e-05 0.24508557637135908 1.584011892362326
271 1.8328611850738525 3.600198210751415e-05 0.23894863055230037 1.593876433665423
272 1.8463385105133057 9.866481041620467e-05 0.2698402790107792 1.5763994241905936
273 1.8965513706207275 0.0002687774949663435 0.28953362303543345 1.6067490987402948
274 2.0668036937713623 0.0013077113360395742 0.5183843373142736 1.547111631166672
275 2.5261647701263428 0.0028273427769818227 0.87223920966386 1.651097938027533
276 2.7516865730285645 0.012110823085095035 1.2807995948278403 1.458776039948134
277 2.0153708457946777 0.009155411319170526 0.32356536231454613 1.68265006950395
278 2.1757960319519043 0.016406559268943965 0.34782244279021945 1.8115670046955188
279 2.321054458618164 0.008538179048315442 0.7709286526151118 1.5415875543821187
280 2.0012259483337402 0.02000992064131424 0.40745242625587996 1.5737635590432717
281 2.141852617263794 0.001762153033143754 0.5128192779207319 1.6272712846162278
282 2.0325963497161865 0.009730066622779532 0.39110209149912945 1.631764088706534
283 2.006967544555664 0.007649870506603762 0.47668223244726304 1.5226356459206032
284 2.107954978942871 0.004427371927449575 0.6018307398753677 1.501697001627976
285 1.9572179317474365 0.003747828598363867 0.3485320603716153 1.6049380108085778
286 2.004868745803833 0.004979575538671455 0.2596635100884441 1.740225747855429
287 1.9882190227508545 0.00043944474754109564 0.24207447507370716 1.74570509840827
288 1.9312556982040405 0.007891363975431887 0.21385200796848775 1.7095122312539388
289 1.971132516860962 0.003939639323562005 0.29575234325227645 1.6714406316451917
290 1.9549908638000488 0.0026394703715624246 0.22745173519007958 1.7248997366130077
291 1.9638071060180664 0.009877169209630665 0.1296433849196447 1.8242864248585722
292 1.925626516342163 0.0009517859288552533 0.13923978206185633 1.7854350077487158
293 1.9363594055175781 0.0076751429314754205 0.174606618470513 1.7540777756108243
294 1.9449653625488281 0.009977830541174626 0.21368078336742866 1.7213066938956643
295 1.9042803049087524 0.0008210430755806464 0.20622930288474475 1.6972301064750734
296 1.9408807754516602 0.008412525120547798 0.1851061556180298 1.7473620927958637
297 1.9288675785064697 0.006679164992419828 0.18956100849640478 1.7326273631540516
298 1.9009345769882202 0.00023755814353129678 0.2109526834563642 1.6897441399830075
299 1.9188177585601807 0.004456031248992076 0.20883851841304135 1.7055233311712072
300 1.9107977151870728 0.0027338530871929834 0.1786261277672182 1.729437791980672
301 1.9029192924499512 0.00026838276924934235 0.15296088610466715 1.7496899143224047
302 1.9037504196166992 0.002316220723741935 0.1486390418790262 1.752795040218757
303 1.9009956121444702 0.0011015459132963645 0.18542146629945316 1.714472706284073
304 1.9019277095794678 0.00035355382402713076 0.20574516628222714 1.6958291974255237
305 1.8866372108459473 0.0005385086871498856 0.16989517740460364 1.716203395110556
306 1.8921306133270264 0.00020595690581171056 0.14953500097055003 1.7423896265487455
307 1.8897182941436768 0.00012683335413313235 0.15219896045345435 1.7373924841890227
308 1.875006914138794 0.00011694728487379735 0.1745443199254038 1.7003454809690246
309 1.8814990520477295 4.770958722288832e-05 0.21204295875833168 1.6694083098906387
310 1.874122142791748 0.0002011005509174879 0.20242426068239983 1.6714967879007676
311 1.8695042133331299 0.000532187695966968 0.1788683586775326 1.6901035627103056
312 1.8703066110610962 8.060827669739701e-05 0.1825727327193248 1.6876533394761462
313 1.8653926849365234 0.0007030331402866352 0.20044788771253058 1.6642418613682854
314 1.8665030002593994 0.0010354228262112741 0.21879306337270182 1.6466744543026994
315 1.861435890197754 0.0004029024671483583 0.20841690065868215 1.6526160669513268
316 1.8583875894546509 0.0006202353034723274 0.188413980197189 1.6693532284643169
317 1.8554179668426514 0.00022381009934038798 0.1889881273581137 1.6662059793054578
318 1.8549762964248657 0.0005586079475961014 0.2007561947877711 1.6536616549954033
319 1.8560746908187866 0.0006434244402555578 0.20969828915720481 1.645733070350559
320 1.852982997894287 0.00047614819770025463 0.19442333076954732 1.6580834486403908
321 1.855783462524414 0.001032376574435112 0.19068408039228946 1.6640670390791836
322 1.8502311706542969 0.00025874753239496506 0.20490979511921192 1.645062712988997
323 1.8503073453903198 0.0005046545149713921 0.2178364917519735 1.6319660842938164
324 1.8490265607833862 0.0005406656424704614 0.21443474233613813 1.634051194515455
325 1.8462108373641968 0.0002478271028254486 0.20758820412473256 1.638374813589108
326 1.8445483446121216 0.0004044243738636766 0.20704795753717065 1.637095861929356
327 1.843484878540039 0.00030676265824358673 0.20660538303686893 1.6365729117608774
328 1.8402725458145142 3.417734626112723e-05 0.20033191094162106 1.6399064610711216
329 1.840242624282837 0.00023305754875180273 0.20265080739267205 1.6373587940046095
330 1.8396152257919312 0.00040990437721344364 0.2080950810353901 1.6311101628443518
331 1.8372114896774292 0.00016051668389518992 0.20284582828005085 1.6342051687863404
332 1.8372623920440674 0.00029775554915548175 0.1983375179359541 1.6386271767677258
333 1.83504056930542 0.00016573576770856357 0.2083679930775444 1.626506868012519
334 1.8336122035980225 0.00010031724844450363 0.22030142350667736 1.6132105212132646
335 1.8334896564483643 0.000203506808011511 0.22527519350740022 1.6080109396460065
336 1.8320984840393066 0.0001320005402114799 0.23167998177086535 1.6002864586104948
337 1.8313168287277222 7.316923229172545e-05 0.232061782479283 1.5991816671835473
338 1.831045389175415 0.000194852353459396 0.22654061875874731 1.6043098365385404
339 1.8294776678085327 2.2380742400740505e-05 0.23180460629230512 1.5976505682445972
340 1.8295797109603882 9.605069853013681e-05 0.237676936281503 1.5918066162030626
341 1.8296858072280884 0.0001381443511008218 0.23485345885028153 1.5946942481795807
342 1.8286991119384766 5.38937014642471e-05 0.23460721708708893 1.5940380213019285
343 1.8286287784576416 9.190000985626057e-05 0.23190989216283275 1.5966271217550516
344 1.8283315896987915 7.182380820694445e-05 0.23219346626407567 1.5960661762709112
345 1.8276937007904053 2.892058083886484e-05 0.241424488663446 1.5862402224746306
346 1.8271291255950928 8.331326291877161e-05 0.24230820471925552 1.5847375783741757
347 1.825771689414978 4.2585257078037175e-05 0.2426075130250325 1.583121696414854
348 1.8250857591629028 2.931023059460358e-05 0.2385250442039366 1.5865313919110018
349 1.8252259492874146 6.0307967591377576e-05 0.23365825348260094 1.5915073396144312
350 1.8254458904266357 9.874265355563905e-06 0.23767401797964283 1.5877620739522003
351 1.8260712623596191 4.054295931341101e-05 0.23639240380163734 1.5896383947103354
352 1.8262968063354492 5.970974147972985e-05 0.2438671735725393 1.582369859757103
353 1.8260741233825684 1.533114532734081e-05 0.2398118620923706 1.5862468142079327
354 1.826107144355774 2.5026100537228757e-05 0.2503064124579737 1.5757755648966922
355 1.8262250423431396 3.6873353266742015e-05 0.2477141198965933 1.5784739779742436
356 1.8269541263580322 1.8811371157279044e-05 0.2636060068215187 1.5633293246873292
357 1.8283613920211792 9.300437469134115e-06 0.25491734960428575 1.573434638455176
358 1.8301445245742798 2.6185559384661605e-05 0.26914313971541404 1.5609750281405044
359 1.833098292350769 5.074964381313052e-05 0.2514006164525485 1.581646921741937
360 1.837214469909668 1.4491527270343862e-05 0.2750193901979865 1.5621806229799056
361 1.8442463874816895 3.3682139001262046e-05 0.2576067315444013 1.5866060088441576
362 1.8550621271133423 0.00014407746869693483 0.30172599493450036 1.5531919593558448
363 1.8743904829025269 5.5462043345611e-05 0.28385524033963017 1.590479854804087
364 1.9010062217712402 0.000120790250849101 0.3638625672826947 1.537022828357509
365 1.941556453704834 0.00024159871966844548 0.3473021716196558 1.5940127641304305
366 1.9627958536148071 0.00029524975361994166 0.4514184215390742 1.5110822082383846
367 1.9479666948318481 0.00015782656928398087 0.3689044628753674 1.5789043320795928
368 1.8706516027450562 0.00015773762796669755 0.35779033010368266 1.5127036529800917
369 1.8278005123138428 7.844027414410926e-05 0.2871050024402323 1.540617067923663
370 1.863387107849121 0.0004962005347124432 0.2878631973895972 1.5750277136855129
371 1.8819009065628052 7.693304357755948e-05 0.34950007689893425 1.5323236848699424
372 1.8437811136245728 4.2118636063598336e-05 0.2621526218918263 1.5815865607916733
373 1.8323628902435303 5.1813049747551077e-05 0.25026029785129766 1.5820506987246807
374 1.861812710762024 0.0001588957571925509 0.3010692987905986 1.5605845168393335
375 1.8528598546981812 0.00017682083689241068 0.24656558726902325 1.6061174067347264
376 1.8275948762893677 3.872834654972124e-05 0.24598294946204127 1.5815733233357347
377 1.8441082239151 0.00010105538064542063 0.2818930681552084 1.56211391430505
378 1.8505104780197144 5.978584990729008e-05 0.25672593593193394 1.5937247372612204
379 1.8294514417648315 3.3049726017503334e-05 0.26300535442530726 1.5664131892021147
380 1.8357030153274536 2.470983551233763e-05 0.27307831555297923 1.5625999243689361
381 1.845900058746338 0.00020796807639555936 0.24915882482110735 1.596533159834326
382 1.8307572603225708 3.304964027303625e-05 0.2575722133960454 1.5731520913879795
383 1.829444408416748 7.639892188199271e-05 0.25068604349161916 1.5786819896408102
384 1.8398268222808838 4.486303386497248e-05 0.23326189650269888 1.6065199987076229
385 1.8321250677108765 7.53956485852747e-05 0.24572813823132955 1.5863215541773945
386 1.8266812562942505 4.211863925698833e-05 0.2305168179901444 1.5961222281764096
387 1.8344236612319946 7.172465597340971e-05 0.22282070349201435 1.6115312607309602
388 1.8336591720581055 8.316732421545514e-05 0.24824344799782416 1.5853324281073473
389 1.8261995315551758 3.9591507479785903e-05 0.2312869592316038 1.5948729042759597
390 1.8286793231964111 1.6654780899683086e-05 0.23171388528898365 1.596948812273927
391 1.8327527046203613 2.162722799292638e-05 0.25366365640667254 1.57906733168246
392 1.8284467458724976 5.937094999547421e-05 0.2319076684290082 1.5964796744617944
393 1.8252179622650146 1.388814730277077e-05 0.2359955304269117 1.5892086503938914
394 1.8287273645401 4.9019064203625895e-05 0.2480325121045155 1.5806458189154946
395 1.8302558660507202 1.3063844387595225e-05 0.2317716437564339 1.5984711297944811
396 1.826643466949463 1.3823194004003447e-05 0.23988071501680963 1.5867488086002768
397 1.824752688407898 1.221424134453808e-05 0.232359234388001 1.59238124790478
398 1.8269197940826416 1.65607895915576e-05 0.22869364136326015 1.5982095677095587
399 1.8284130096435547 3.5102714350865316e-05 0.24574858241680886 1.5826293358161705
