0 2.4054832458496094 2.261119855567813 0.00348217706762452 0.14088131859898567
1 377.2620849609375 3.5115179643034935 358.0164465382695 15.734137983992696
2 20.419761657714844 0.5807562167756259 17.239271908532828 2.5997308255173266
3 13.207494735717773 4.139634769409895 9.067859076603781 0.0
4 22.513145446777344 5.030276000499725 17.48286897316575 0.0
5 23.958707809448242 5.126510411500931 18.832196624483913 0.0
6 12.355522155761719 3.8892904836684465 8.466230148269979 0.0
7 26.35447120666504 0.8828164557926357 21.32223597354068 4.149418147301503
8 8.44128704071045 3.334572510793805 5.106714295981406 0.0
9 14.732444763183594 4.168739583343267 10.563706173328683 0.0
10 10.66631031036377 1.6874544061720371 1.439057218668506 7.539798308163881
11 65.02660369873047 0.0850388208853019 64.46827860036865 0.4732899174743732
12 13.323125839233398 3.955286083742976 9.367838962993119 0.0
13 45.8538818359375 6.761751741170883 39.092128050513566 0.0
14 47.099334716796875 6.887967396527529 40.21137066278607 0.0
15 34.00398254394531 5.937945630401373 28.066036406438798 0.0
16 19.52210235595703 4.731241084635258 14.790862455032766 0.0
17 8.706842422485352 3.5773376431316137 5.129504738259129 0.0
18 3.0821151733398438 2.5932853892445564 0.4888300050115504 0.0
19 10.608879089355469 1.8260219441726804 0.6027545981196454 8.180103187449276
20 11.228071212768555 1.2411015294492245 4.428682098689023 5.558287654072046
21 14.844293594360352 0.8472383436746895 10.203645277069882 3.793409521691501
22 18.968778610229492 0.6201968658715487 15.572166961152107 2.7764155552722514
23 21.454275131225586 0.5238778959028423 18.585171225015074 2.3452260135672987
24 21.35562515258789 0.5302248327061534 18.451371918898076 2.374027184676379
25 19.83965301513672 0.5951549559831619 16.57718515349552 2.6673113801516593
26 17.507753372192383 0.7030567079782486 13.653490564320236 3.1512006018310785
27 14.58767318725586 0.8853403776884079 9.73411281593144 3.968222049996257
28 12.072443962097168 1.136750504374504 5.840614397311583 5.095078153535724
29 10.665204048156738 1.4412735998630524 2.7639397472376004 6.459994170814753
30 10.564966201782227 1.769584059715271 0.8638555097568315 7.931528553366661
31 11.536358833312988 2.119698390364647 0.08056408422436542 9.336096132174134
32 2.3606536388397217 2.327291250228882 0.03336219888251435 0.0
33 2.8388195037841797 2.5406199395656586 0.29820040756021626 0.0
34 3.3765316009521484 2.700011521577835 0.676519737316994 0.0
35 3.739959955215454 2.7898554503917694 0.9501044743228704 0.0
36 3.801422357559204 2.8041083216667175 0.9973131387960166 0.0
37 3.561265707015991 2.7469710409641266 0.8142954227514565 0.0
38 3.1279995441436768 2.631463348865509 0.49653783411486074 0.0
39 2.663433790206909 2.4764731526374817 0.18695894585107453 0.0
40 2.317018508911133 2.3031747937202454 0.013844328982486331 0.0
41 11.728659629821777 2.1317191421985626 0.0422711568808154 9.554669726639986
42 10.924004554748535 1.9232996106147766 0.3802029781945748 8.62050361186266
43 10.499828338623047 1.7095617204904556 1.1277665355009958 7.662499854341149
44 10.529942512512207 1.5168178230524063 2.214533390942961 6.798594171181321
45 10.886636734008789 1.3632725030183792 3.412985118920915 6.1103821117430925
46 11.325403213500977 1.2589266151189804 4.4237877684645355 5.642688935622573
47 11.608789443969727 1.2072357833385468 4.990551049122587 5.411003243178129
48 11.609478950500488 1.2071196883916855 4.991876761196181 5.410482889041305
49 11.349190711975098 1.2542448490858078 4.473241020459682 5.621704591438174
50 10.96520709991455 1.341235637664795 3.6123619822319597 6.011609733104706
51 10.630266189575195 1.457274466753006 2.6412776828510687 6.531712342053652
52 10.468574523925781 1.5879982113838196 1.7629393946845084 7.11763484030962
53 10.506446838378906 1.716464415192604 1.0965424409369007 7.693438718095422
54 10.67519760131836 1.8254156112670898 0.6680074000905734 8.18177354335785
55 10.857823371887207 1.9003503620624542 0.439829534443561 8.517641801387072
56 10.951559066772461 1.9324036240577698 0.35784463449090254 8.661309100687504
57 10.914329528808594 1.9200429022312164 0.38837972657347564 8.605906579643488
58 10.775069236755371 1.8689922094345093 0.5289875240123365 8.377090081572533
59 10.608284950256348 1.790520578622818 0.7923960030893795 8.02536902204156
60 10.490472793579102 1.6987506002187729 1.1776815881603397 7.614042868837714
61 10.462282180786133 1.6078530550003052 1.6478015476604924 7.206627085804939
62 10.514060020446777 1.5298430919647217 2.127243305440061 6.85697528719902
63 10.598668098449707 1.47332164645195 2.521706549450755 6.603638093918562
64 10.661052703857422 1.4430959671735764 2.749794982955791 6.468162281438708
65 10.667341232299805 1.4403463006019592 2.771154316724278 6.45583788305521
66 10.618572235107422 1.463011622428894 2.598135535372421 6.55742709338665
67 10.544452667236328 1.506216049194336 2.2871642076643184 6.751075506210327
68 10.483271598815918 1.5627807825803757 1.9158834597328678 7.004606721922755
69 10.460532188415527 1.623990148305893 1.5575868615997024 7.278955843299627
70 10.477645874023438 1.6807070672512054 1.2637684235232882 7.53316917642951
71 10.515066146850586 1.7247649431228638 1.0596581804566085 7.73064287006855
72 10.546089172363281 1.750325858592987 0.9505542548140511 7.845210544764996
73 10.5523099899292 1.7548701465129852 0.9318591872579418 7.865578692406416
74 10.53210735321045 1.7394824028015137 0.9960162956849672 7.796608626842499
75 10.498772621154785 1.7084082812070847 1.1330333232763223 7.65732997469604
76 10.470723152160645 1.6680013984441757 1.326497905247379 7.476220553740859
77 10.46052360534668 1.6254032105207443 1.549829637806397 7.285289390012622
78 10.46888256072998 1.5872814059257507 1.7671820020768791 7.114422015845776
79 10.486225128173828 1.5588811188936234 1.9402149610687047 6.987127872183919
80 10.499724388122559 1.5434536337852478 2.038290326599963 6.917979680001736
81 10.501081466674805 1.5420617461204529 2.047282648854889 6.91174104064703
82 10.49046516418457 1.553662270307541 1.9730686623370275 6.963736247271299
83 10.47496223449707 1.5754070729017258 1.8383562203962356 7.061199558898807
84 10.463360786437988 1.603127896785736 1.6747853977722116 7.1854482516646385
85 10.460773468017578 1.6319978833198547 1.5139247645856813 7.314847655594349
86 10.46625804901123 1.6572932302951813 1.3807390900910832 7.428225014358759
87 10.474410057067871 1.6751708090305328 1.2908868584781885 7.508354876190424
88 10.479263305664062 1.683284729719162 1.2512556288857013 7.544722627848387
89 10.4779052734375 1.681126594543457 1.261726946104318 7.535049557685852
90 10.471681594848633 1.669981375336647 1.3166074603213929 7.485095093026757
91 10.464688301086426 1.6525561809539795 1.405136548273731 7.406992882490158
92 10.460796356201172 1.6323671340942383 1.5119289021822624 7.316502690315247
93 10.461397171020508 1.6130419671535492 1.6184672914096154 7.229884531348944
94 10.464920043945312 1.5977055430412292 1.7060712369857356 7.161144487559795
95 10.46834945678711 1.5885187089443207 1.75986202491913 7.11996778473258
96 10.469264030456543 1.5864331722259521 1.7722105438588187 7.1106201112270355
97 10.467267990112305 1.5911508202552795 1.744347988278605 7.131765283644199
98 10.463860511779785 1.6012741327285767 1.68544297630433 7.177139416337013
99 10.461181640625 1.6146149337291718 1.609634313499555 7.236934792250395
