0 17.182424545288086
1 62.38138961791992
2 12.880203247070312
3 8.865477561950684
4 20.57040023803711
5 15.735132217407227
6 5.012937545776367
7 10.496124267578125
8 15.876381874084473
9 21.52436065673828
10 16.852323532104492
11 10.92702865600586
12 11.924599647521973
13 3.6384778022766113
14 5.206605434417725
15 4.813111782073975
16 3.118255853652954
17 11.710026741027832
18 10.515874862670898
19 12.366921424865723
20 13.808199882507324
21 12.553214073181152
22 10.704938888549805
23 10.772838592529297
24 12.082914352416992
25 2.271486282348633
26 2.2722926139831543
27 12.121623039245605
28 10.889293670654297
29 10.500812530517578
30 11.26950740814209
31 11.756782531738281
32 11.177141189575195
33 10.503458023071289
34 10.671272277832031
35 11.19776725769043
36 11.17513370513916
37 10.672896385192871
38 10.470128059387207
39 10.778938293457031
40 10.984786033630371
41 10.736286163330078
42 10.46969985961914
43 10.574130058288574
44 10.784067153930664
45 10.71957778930664
46 10.50471305847168
47 10.487791061401367
48 10.641397476196289
49 10.66041374206543
50 10.517838478088379
