0 2.357877731323242 2.3295066449791193 0.02837123779409012 0.0
1 191.08816528320312 0.9415550944395363 185.91080675646663 4.235791506245732
2 20.764846801757812 0.5539915803819895 17.72617043182254 2.4846864682622254
3 12.054770469665527 2.1977971978485584 0.006329345510380335 9.850644536316395
4 8.330554962158203 3.5564603209495544 4.774096293840557 0.0
5 17.51493263244629 4.569147050380707 12.945783049799502 0.0
6 22.863969802856445 5.055099010467529 17.808869718573987 0.0
7 22.131322860717773 4.991227805614471 17.140087839215994 0.0
8 16.86106300354004 4.506113231182098 12.354951889719814 0.0
9 10.10460376739502 3.7813665866851807 6.323236055904999 0.0
10 4.687135219573975 2.9887428879737854 1.6983943531522527 0.0
11 2.261502981185913 2.2600890696048737 0.0014132474024108888 0.0
12 10.474676132202148 1.675644263625145 1.288554944912903 7.510476967319846
13 11.547313690185547 1.2177643328905106 4.871353671187535 5.458193706348538
14 14.259739875793457 0.9110110253095627 9.265443598851562 4.083281559869647
15 16.718751907348633 0.7458747252821922 12.629760578274727 3.3431170722469687
16 17.544466018676758 0.7011537104845047 13.700644162017852 3.1426710952073336
17 16.463029861450195 0.7606118470430374 12.293245047330856 3.4091709572821856
18 14.199857711791992 0.9158571809530258 9.178993692621589 4.105002721771598
19 11.922832489013672 1.1580058932304382 5.574483657255769 5.190347842872143
20 10.612051010131836 1.466311201453209 2.5735223304945976 6.572216277942061
21 10.628288269042969 1.8016223013401031 0.7515384590078611 8.07512852922082
22 11.627312660217285 2.109723687171936 0.061502415974246105 9.456082955002785
23 2.3657402992248535 2.334787666797638 0.030953104514992447 0.0
24 2.777540683746338 2.5191985964775085 0.25834092310105916 0.0
25 3.14863920211792 2.6374362409114838 0.5112018801446538 0.0
26 3.2839372158050537 2.6752813160419464 0.608656511612935 0.0
27 3.1326065063476562 2.6328007876873016 0.499803571292432 0.0
28 2.7896406650543213 2.5235040187835693 0.2661363391962368 0.0
29 2.428367853164673 2.3703127205371857 0.05805733293527737 0.0
30 12.066397666931152 2.2000007033348083 0.0056788599499668635 9.860717438161373
31 11.043742179870605 1.9612832069396973 0.29170866655476857 8.790751516819
32 10.49598217010498 1.7052860260009766 1.1473605476203375 7.643335580825806
33 10.593762397766113 1.475979208946228 2.5022346910554916 6.615549668669701
34 11.119220733642578 1.3029803186655045 3.976096938131377 5.840143928304315
35 11.646578788757324 1.2009251415729523 5.062937558395788 5.3827180452644825
36 11.821650505065918 1.173123374581337 5.390421316260472 5.258106553927064
37 11.5596923828125 1.2156170457601547 4.8955066164489836 5.448569258674979
38 11.052903175354004 1.31876839697361 3.8232278707437217 5.910908350721002
39 10.611930847167969 1.4663711786270142 2.5730764539912343 6.572485104203224
40 10.461009979248047 1.6346707791090012 1.4995119607192464 7.326827956363559
41 10.61465835571289 1.7941321432590485 0.7789719355059788 8.04155657067895
42 10.899653434753418 1.9150421619415283 0.4011171802994795 8.583492547273636
43 11.090975761413574 1.9752698838710785 0.26226278707326856 8.853441800922155
44 11.061491012573242 1.966597080230713 0.2803246123949066 8.814569056034088
45 10.847412109375 1.896584838628769 0.450063581665745 8.500764187425375
46 10.599242210388184 1.785268247127533 0.8121473561914172 8.001827321946621
47 10.466741561889648 1.6586268097162247 1.3739152275957167 7.434202307835221
48 10.501435279846191 1.5417086631059647 2.0495664817281067 6.910158472135663
49 10.637638092041016 1.453762099146843 2.667907605646178 6.515969408676028
50 10.7540864944458 1.406202808022499 3.0450823478167877 6.302801871672273
51 10.763928413391113 1.4026928395032883 3.0741672625299543 6.287069691345096
52 10.66804027557373 1.4400433897972107 2.773515407461673 6.454480193555355
53 10.54041862487793 1.5090639740228653 2.2675121494103223 6.7638403121382
54 10.465645790100098 1.5955249816179276 1.7187485127942637 7.151370899751782
55 10.478458404541016 1.6820216625928879 1.25737718452001 7.539061380550265
56 10.547237396240234 1.7511778473854065 0.9470333714853041 7.849029280245304
57 10.606731414794922 1.7896302044391632 0.7957241527037695 8.021378237754107
58 10.609823226928711 1.7913992702960968 0.7891171156370547 8.029307443648577
59 10.558399200439453 1.7591812014579773 0.9143169262097217 7.8849014565348625
60 10.494046211242676 1.7030460089445114 1.1577025195583701 7.633295504376292
61 10.46131706237793 1.6372113078832626 1.4858876596554182 7.338214969262481
62 10.474494934082031 1.5762130618095398 1.8334719206904992 7.064812116324902
63 10.511874198913574 1.5317867696285248 2.11440144572407 6.865687128156424
64 10.537688255310059 1.5110311210155487 2.2540010639932007 6.772657345980406
65 10.531254768371582 1.5158187597990036 2.221316877985373 6.794116226956248
66 10.500128746032715 1.5430389046669006 2.0409670239314437 6.916120804846287
67 10.46972370147705 1.5854277461767197 1.778183439746499 7.106113648042083
68 10.460848808288574 1.6330014318227768 1.5085030501359142 7.319345703348517
69 10.474360466003418 1.6750790178775787 1.2913378718076274 7.507943455129862
70 10.493731498718262 1.7026833295822144 1.159380309691187 7.631669923663139
71 10.500858306884766 1.710670828819275 1.1227162135764956 7.667471036314964
72 10.49056625366211 1.6988627314567566 1.1771584537927993 7.614545457065105
73 10.472582817077637 1.6717626452445984 1.3077454079757445 7.493078999221325
74 10.46129035949707 1.637023240327835 1.4868936556740664 7.337372023612261
75 10.463330268859863 1.6032542139291763 1.6740603861398995 7.186014423146844
76 10.473535537719727 1.5779243409633636 1.82312881865073 7.072482313960791
77 10.48106861114502 1.5658596456050873 1.8968020001193509 7.018406625837088
78 10.479251861572266 1.5685287863016129 1.8803518282948062 7.030370095744729
79 10.470378875732422 1.5840433686971664 1.7864249635022134 7.099908670410514
80 10.462292671203613 1.6078026741743088 1.6480884907650761 7.2064012717455626
81 10.460904121398926 1.6336219608783722 1.5051571271033026 7.322127003222704
82 10.465540885925293 1.6552229225635529 1.3913713954389095 7.418945599347353
83 10.470600128173828 1.6677488684654236 1.3277636191924103 7.475088678300381
84 10.471160888671875 1.6689172238111496 1.3219183220644481 7.480325413867831
85 10.46705436706543 1.659443438053131 1.3697467959718779 7.437862552702427
86 10.462203979492188 1.6426336616277695 1.4570514700608328 7.362518733367324
87 10.460545539855957 1.62329962849617 1.5613862636382692 7.275860834866762
88 10.4625883102417 1.606403797864914 1.6560504684457555 7.200131308287382
89 10.46554183959961 1.595833733677864 1.7169499045121484 7.152754770591855
90 10.466340065002441 1.593575045466423 1.7301327467430383 7.142631007358432
91 10.46438217163086 1.5994295477867126 1.696086274459958 7.168871723115444
92 10.461664199829102 1.6112393140792847 1.6286233102437109 7.221804782748222
93 10.460519790649414 1.6255402714014053 1.5490776064689271 7.28590371645987
94 10.461496353149414 1.6384984701871872 1.4790131480549462 7.343984214589
95 10.463140487670898 1.6469078958034515 1.4345551512087695 7.381676461547613
96 10.463667869567871 1.6489947885274887 1.4236445326241665 7.39103021286428
97 10.462647438049316 1.6447781324386597 1.4457385352579877 7.372130557894707
98 10.461153984069824 1.6359382271766663 1.492706179851666 7.332508839666843
99 10.46052074432373 1.625217854976654 1.5508452910580672 7.284458599984646
