0 87.35700988769531 0.12161382085024533 86.2837990380358 0.951593247616749
1 20.733264923095703 4.2162350956350565 16.308552284410162 0.20847782865166664
2 39.13435745239258 6.1861085668206215 32.94824789256381 0.0
3 17.587757110595703 4.552749279886484 13.035007241735002 0.0
4 3.599531412124634 2.548019176349044 0.906580168433022 0.14493189565837383
5 13.549201011657715 1.314235913567245 6.4536386531111845 5.7813262809067965
6 21.469266891479492 0.7432611841941252 17.477399964176584 3.2486056713969447
7 23.90888023376465 0.6195804247399792 20.58148482220713 2.7078144490369596
8 18.786048889160156 0.7733045180793852 14.597861188522074 3.414882929297164
9 12.667993545532227 1.1556822094134986 6.305521564136143 5.20678955828771
10 11.003890991210938 1.6909256558865309 1.5444441049359088 7.768520601093769
11 12.70228385925293 2.1811960441991687 1.287632141838365 9.233455622568727
12 14.392646789550781 2.4187180884182453 2.347169536367879 9.626758802682161
13 13.933791160583496 2.3540646638721228 2.0732655088823275 9.506461460143328
14 12.44378662109375 2.083091290667653 1.017607655239068 9.343088937923312
15 10.640351295471191 1.7345604253932834 0.909905671455661 7.995885167270899
16 10.235770225524902 1.406884329393506 2.3840754996021607 6.444810010492802
17 11.131943702697754 1.1645041396841407 4.63758565134799 5.3298541298136115
18 12.12347412109375 1.035564299672842 6.341407103926031 4.746503533795476
19 12.313709259033203 1.0204550148919225 6.610617353740963 4.682637036778033
20 11.650961875915527 1.108681857585907 5.45388418953371 5.088395392522216
21 10.741249084472656 1.282084665261209 3.578560449464021 5.880603404715657
22 10.263589859008789 1.509016458876431 1.8382069223964432 6.916366861201823
23 10.454033851623535 1.7416293751448393 0.7359067631991394 7.976497011259198
24 10.998875617980957 1.9239907935261726 0.26957252211530836 8.805311335250735
25 11.361722946166992 2.0109407771378756 0.1546528971815399 9.196129756048322
26 11.241865158081055 1.9860043805092573 0.18212789968990692 9.073732854798436
27 10.775071144104004 1.866447426378727 0.3904141697035025 8.518209222704172
28 10.352445602416992 1.6931058717891574 0.939405737293078 7.7199337827041745
29 10.26535701751709 1.514409326016903 1.8511447146231532 6.899801908992231
30 10.488540649414062 1.3715111957862973 2.8728313514112642 6.24419859983027
31 10.748591423034668 1.2904108194634318 3.589505461652152 5.868675568141043
32 10.781752586364746 1.278274055570364 3.6939915153416223 5.809487162157893
33 10.562978744506836 1.3314428580924869 3.1831757812051364 6.048359625041485
34 10.284128189086914 1.4346245899796486 2.3342292422750432 6.515274992212653
35 10.157569885253906 1.5617452654987574 1.5029700008433338 7.092853536829352
36 10.230172157287598 1.679765853099525 0.9192731875014287 7.631133308634162
37 10.366548538208008 1.7566142287105322 0.6254315749837854 7.984502511098981
38 10.395339965820312 1.771994442678988 0.5635185899228023 8.059827323071659
39 10.268701553344727 1.7248806720599532 0.6938934642113903 7.8499278435483575
40 10.087045669555664 1.6323681948706508 1.0224887057615635 7.43218897189945
41 9.984905242919922 1.522253948263824 1.5286390528699414 6.9340121084824204
42 10.000466346740723 1.4231438795104623 2.09132236278478 6.48600051458925
43 10.053857803344727 1.356215124949813 2.511436558064702 6.186206896789372
44 10.038643836975098 1.3318456821143627 2.624468523479777 6.082328975200653
45 9.925810813903809 1.3487512981519103 2.4073503059348127 6.169709701091051
46 9.779193878173828 1.3950542658567429 1.987233391066125 6.396907072514296
47 9.676581382751465 1.4507579896599054 1.5505740931994354 6.675250013358891
48 9.626623153686523 1.4933274732902646 1.236271801346501 6.897023060359061
49 9.56850528717041 1.503303443081677 1.0960998561796718 6.969101930968463
50 9.426572799682617 1.4643058236688375 1.128498472493389 6.83376775868237
51 9.19464111328125 1.3774111652746797 1.3239764586448102 6.493252837099135
52 8.933631896972656 1.2564394129440188 1.665172067974356 6.012020930182189
53 8.686086654663086 1.118761712219566 2.0911330181080148 5.476191371213645
54 8.453485488891602 0.9982347011100501 2.4749402903667637 4.980310374870896
55 8.198080062866211 0.9138092703651637 2.6710097127710233 4.613260100595653
56 7.903717994689941 0.8746355621842667 2.5933339219941525 4.435748090851121
57 7.6167168617248535 0.8765509144868702 2.308078340502039 4.4320877799764276
58 7.449294090270996 0.8997233028057963 2.020028866277981 4.529541980591603
59 7.415282249450684 0.916055865236558 1.9056817941712227 4.59354453033302
60 7.400351047515869 0.8995562775526196 2.005536400721802 4.495258581242524
61 7.334795951843262 0.8429095622268505 2.286418119348285 4.205468789441511
62 7.2875261306762695 0.7705952704709489 2.6732540764659865 3.843676903168671
63 7.274318218231201 0.7168957554677036 2.9803882194014233 3.577034106856445
64 7.219622611999512 0.6969223355990835 3.0349906466803587 3.4877096950658597
65 7.157135009765625 0.707277141395025 2.9038483244043656 3.5460096173919737
66 7.1107072830200195 0.7210107593564317 2.772920490022702 3.616776169743389
67 7.016025066375732 0.7099502271739766 2.737220196352287 3.568854745128192
68 6.889865398406982 0.6777769775362685 2.7932045251857818 3.4188837436959147
69 6.7991838455200195 0.6507008095504716 2.855267429489846 3.2932150620035827
70 6.733120918273926 0.6461554099805653 2.806226511669684 3.2807381255552173
71 6.670337677001953 0.6611440916894935 2.6375757187557434 3.371617666562088
72 6.621500492095947 0.6785246948129497 2.4631568116757956 3.47981872127275
73 6.5505146980285645 0.6789148045354523 2.366057037637021 3.505542903963942
74 6.431037902832031 0.6568768681609072 2.353857918792322 3.42030331492424
75 6.2902607917785645 0.6245891467551701 2.38079602962602 3.2848753145663068
76 6.160726070404053 0.5985059631930199 2.377189513773506 3.185030843989807
77 6.0431809425354 0.585315852513304 2.298709402746072 3.1591556625498924
78 5.94562292098999 0.5822747169877402 2.172304869195158 3.191043717903085
79 5.865847110748291 0.5809399477439001 2.0521436683865413 3.232763173087733
80 5.78179407119751 0.5760682265390642 1.9547408302840728 3.2509852080547716
81 5.694470405578613 0.5706034561735578 1.8669957821705376 3.2568710730120074
82 5.619992256164551 0.5677229494031053 1.7817577922547727 3.2705113349074963
83 5.554112434387207 0.5679469886454172 1.6877006921244544 3.2984648398996796
84 5.489797115325928 0.5686755515562254 1.5901457469616063 3.330976054967323
85 5.427802085876465 0.5674623223421804 1.5089789197440342 3.3513612921524327
86 5.373358249664307 0.5623901509916323 1.463760858388917 3.3472075176105136
87 5.32916259765625 0.554120201510159 1.4534605929532367 3.321581302582217
88 5.292837619781494 0.5460417282510832 1.4506199236708621 3.2961756901481216
89 5.25772762298584 0.5405162980211884 1.4278404551474966 3.289370596247366
90 5.218461990356445 0.5368110240866351 1.3839956239866829 3.297655352358621
91 5.176332950592041 0.5319444652775545 1.3455803346829596 3.2988078990520666
92 5.133533954620361 0.5238365637081728 1.3343867209842533 3.2753103404107264
93 5.09205436706543 0.5128147857925498 1.3467396728445054 3.232500175595879
94 5.052285671234131 0.500033491297609 1.3638017118403367 3.188450340315166
95 5.018195152282715 0.4866380971967096 1.3807762121584455 3.1507805320533935
96 4.9939284324646 0.47383024052012224 1.408070708633179 3.1120276470242354
97 4.97819185256958 0.4635981433992893 1.4425253589873261 3.072068357155662
98 4.966897487640381 0.4572359643560162 1.461030590551193 3.0486308346595576
99 4.957091331481934 0.4539788506755684 1.4516788270242538 3.0514339708297804
