0 500.10870361328125 5.559764478355646 469.6130127608776 24.935945466160774
1 55.50584411621094 0.03293668231344782 55.32382467575371 0.1490854576404672
2 44.422298431396484 6.444405067712069 37.97789328265935 0.0
3 30.420368194580078 5.7608888149261475 24.659479962661862 0.0
4 11.080169677734375 3.923212382942438 7.156957107712515 0.0
5 3.0061702728271484 2.5933132842183113 0.41285698166757356 0.0
6 10.70247745513916 1.8382174391299486 0.6244411343650427 8.23981823399663
7 10.780022621154785 1.3971687918528914 3.1205905843526125 6.262264066375792
8 11.679001808166504 1.1958162663504481 5.123499354696833 5.359686844050884
9 12.035429954528809 1.1419916162267327 5.774957172921859 5.118480236269534
10 11.721098899841309 1.188818909227848 5.203824322903529 5.328454837203026
11 11.106555938720703 1.3059163838624954 3.9473366369493306 5.853303928859532
12 10.604686737060547 1.4701255410909653 2.545249016955495 6.589312693104148
13 10.467216491699219 1.65987329185009 1.3675547068123706 7.439789218828082
14 10.736478805541992 1.8530553877353668 0.5777643073815852 8.305658970028162
15 11.28171443939209 2.0274521112442017 0.16693278539605672 9.087329998612404
16 11.87983226776123 2.163149267435074 0.021139398954801436 9.69554403796792
17 2.2462117671966553 2.246081531047821 0.0001299085882422446 0.0
18 2.340893507003784 2.319206327199936 0.021686374616365356 0.0
19 2.4305946826934814 2.3714947402477264 0.059100211365148425 0.0
20 2.4528114795684814 2.3830443620681763 0.069765719872521 0.0
21 2.426943063735962 2.3695525228977203 0.0573913241714763 0.0
22 2.3649942874908447 2.334333509206772 0.030660276534035802 0.0
23 2.2887940406799316 2.2825000882148743 0.006294197536362844 0.0
24 12.173164367675781 2.2202619314193726 0.0013765167884116636 9.951531156897545
25 11.591958045959473 2.1018559336662292 0.0692828967476089 9.42081855982542
26 10.998763084411621 1.947474479675293 0.32242855595541187 8.728858828544617
27 10.58895206451416 1.7790879905223846 0.835738281311933 7.9741265289485455
28 10.460939407348633 1.6168277263641357 1.5972583639086224 7.246852844953537
29 10.592639923095703 1.476594939827919 2.4977368861436844 6.618309462442994
30 10.86704158782959 1.3691094815731049 3.3613867283565924 6.136544283479452
31 11.131403923034668 1.300177976489067 4.003642243333161 5.827583430334926
32 11.262861251831055 1.2715964019298553 4.291786543326452 5.699476730078459
33 11.213138580322266 1.2820735275745392 4.184625365305692 5.746436703950167
34 11.01685619354248 1.3277647644281387 3.737860396504402 5.95123135484755
35 10.764845848083496 1.4023697972297668 3.076852178783156 6.285621769726276
36 10.558097839355469 1.4970853328704834 2.35086249478627 6.710150331258774
37 10.463973045349121 1.600860446691513 1.687825949920807 7.175285216420889
38 10.492551803588867 1.7012800723314285 1.1658921613707207 7.625380324199796
39 10.600682258605957 1.7861173152923584 0.8089352988463361 8.00563296675682
40 10.718449592590332 1.8452523052692413 0.6025099396356381 8.270684439688921
41 10.783684730529785 1.872422069311142 0.5187983212817926 8.392463203519583
42 10.768301963806152 1.8662653863430023 0.5371663784899283 8.364868070930243
43 10.685614585876465 1.830353558063507 0.651353039429523 8.203906126320362
44 10.577971458435059 1.7722276449203491 0.8623710807296447 7.9433774799108505
45 10.492959976196289 1.701763853430748 1.1636457245913334 7.627548700198531
46 10.460615158081055 1.6293726563453674 1.5281588069046848 7.303081013262272
47 10.482086181640625 1.5644211322069168 1.905704325181432 7.0119590032845736
48 10.53344440460205 1.514164850115776 2.2325751569587737 6.786703167483211
49 10.580855369567871 1.483231857419014 2.4495657859370112 6.648057075217366
50 10.598280906677246 1.4735298454761505 2.5201794737949967 6.604571271687746
51 10.578849792480469 1.4843957275152206 2.4411769380094483 6.653273707255721
52 10.535189628601074 1.5128665268421173 2.24143638741225 6.780883897095919
53 10.490130424499512 1.5540614575147629 1.9705421657999977 6.965525461360812
54 10.46373462677002 1.601707637310028 1.6829471979872324 7.179082445800304
55 10.463642120361328 1.6488970518112183 1.4241540030343458 7.390592142939568
56 10.483124732971191 1.6890257447957993 1.2236453942023218 7.570454677566886
57 10.50677490234375 1.7167934030294418 1.0950673499610275 7.694913288578391
58 10.519781112670898 1.7290361523628235 1.0409575651283376 7.749787040054798
59 10.515503883361816 1.7251717448234558 1.0578680993057787 7.732466213405132
60 10.497647285461426 1.7071621119976044 1.1387393096811138 7.651744466274977
61 10.476607322692871 1.6789849400520325 1.2721676478395239 7.5254503563046455
62 10.462876319885254 1.6457958668470383 1.4403879144811071 7.376692188903689
63 10.46139907836914 1.6129835546016693 1.618794712703675 7.229622717946768
64 10.469773292541504 1.585323542356491 1.778802119079046 7.105646591633558
65 10.480720520019531 1.5663564652204514 1.8937346985330805 7.02063344232738
66 10.486889839172363 1.5580372661352158 1.9455054809805006 6.983345603570342
67 10.48487377166748 1.5606302618980408 1.9292798911919817 6.99496778100729
68 10.476508140563965 1.5728222131729126 1.8540720315650105 7.04961384832859
69 10.46692943572998 1.5919996798038483 1.7393634177278727 7.135569993406534
70 10.461174964904785 1.6146817952394485 1.609261071716901 7.2372344750911
71 10.461295127868652 1.6370697617530823 1.4866448278189637 7.337580539286137
72 10.465680122375488 1.6556416153907776 1.3892175242654048 7.420822240412235
73 10.47058391571045 1.667717158794403 1.3279223471181467 7.474946551024914
74 10.472643852233887 1.6718708127737045 1.3072077877586707 7.493563821539283
75 10.470766067504883 1.6681016385555267 1.3259975783876143 7.47666984423995
76 10.466416358947754 1.6577334105968475 1.378484639863018 7.430197965353727
77 10.46229076385498 1.6430804133415222 1.4546909957425669 7.364521138370037
78 10.460532188415527 1.6269603222608566 1.541306615981739 7.2922685872763395
79 10.46152114868164 1.6121673434972763 1.6233889872091822 7.225964343175292
80 10.463929176330566 1.6010122150182724 1.6869525867514312 7.175965463742614
81 10.465828895568848 1.594999372959137 1.7218136569135822 7.149015046656132
82 10.465948104858398 1.5946607887744904 1.7237897939048707 7.147497463971376
83 10.464354515075684 1.5995465815067291 1.6954104736214504 7.169396284967661
84 10.462177276611328 1.6083835661411285 1.64478777180193 7.209004912525415
85 10.460731506347656 1.6193288266658783 1.583339414501097 7.25806313380599
86 10.460659980773926 1.6303236335515976 1.5229920845013112 7.307343428954482
87 10.461640357971191 1.6394487172365189 1.4739492649096064 7.348243357613683
88 10.462752342224121 1.6452611833810806 1.4431977583444677 7.374295661225915
89 10.463166236877441 1.6470206528902054 1.4339628751622513 7.382181854918599
90 10.462647438049316 1.644773542881012 1.4457633974961936 7.372109986841679
91 10.461614608764648 1.6392842233181 1.4748242718633264 7.347506072372198
92 10.460759162902832 1.6318363100290298 1.5147976140724495 7.314123461022973
93 10.460532188415527 1.6239512413740158 1.5578001426183619 7.278781456872821
94 10.460915565490723 1.6170920431613922 1.5957855331362225 7.248037550598383
95 10.461490631103516 1.6124026626348495 1.6220635833451524 7.227019077166915
96 10.461782455444336 1.6105358600616455 1.6325955151114613 7.2186518013477325
97 10.4616117477417 1.6115761250257492 1.6267223763861693 7.223314417526126
98 10.46113109588623 1.6150695085525513 1.6070881942869164 7.238972261548042
99 10.460680961608887 1.6201519221067429 1.5787739062216133 7.261752365157008
