0 49.942527770996094 7.531617797911167 42.41090755024925 0.0
1 29.86822509765625 2.0048062121495605 19.886735239273996 7.976686182440062
2 27.351150512695312 0.7313239554641768 23.302881056716334 3.316943812084361
3 14.180312156677246 0.9062941041775048 9.214402502505155 4.059615459613269
4 9.742324829101562 1.348978502675891 2.303753261817989 6.089593049604446
5 8.76934814453125 1.6864245543256402 0.6193687415749424 6.463555421214551
6 8.967548370361328 1.7656978564336896 0.3788406586038503 6.823009413667023
7 9.432836532592773 1.5735160550102592 0.7131673743660967 7.146152772940695
8 8.630230903625488 1.212297873571515 1.8247956468330813 5.593138290103525
9 8.387746810913086 0.8647907604463398 3.4180362201004755 4.104919873178005
10 8.36175537109375 0.6417912591714412 4.56531127524795 3.154653337551281
11 7.904030799865723 0.5757599036442116 4.438895067782141 2.889375480590388
12 6.872901439666748 0.6335289685521275 3.043080187024316 3.1962924520485103
13 6.0769195556640625 0.7529160688864067 1.5084753358914895 3.8155280789360404
14 6.063745021820068 0.8532389574684203 0.8407640289652242 4.3697411878965795
15 6.072424411773682 0.8294541214127094 0.8823680674937221 4.360602007247508
16 5.476424217224121 0.647705584182404 1.2178541143756174 3.610864697606303
17 4.818079948425293 0.3906613584549632 1.956244254483804 2.4711741468927357
18 4.895046234130859 0.1883153145170067 3.1681836517705286 1.5385470970741324
19 5.314360618591309 0.09398436729373039 4.099201984314131 1.1211742404722123
20 5.276382923126221 0.08382156611969549 4.030122269380826 1.1624392136461053
21 4.934017181396484 0.14002288268784469 3.235929636230898 1.5580650797554227
22 4.65650749206543 0.21379076171433553 2.436237727291153 2.0064787637365953
23 4.302999973297119 0.24084579019108787 1.9176952259313675 2.1444586618163157
24 3.998363494873047 0.23942474868363206 1.7244514692838684 2.0344870855069326
25 4.030975818634033 0.26034340211512297 1.7944487516139898 1.9761839469841476
26 3.9394612312316895 0.2713056427255651 1.6769386768673948 1.9912170224427825
27 3.5735206604003906 0.2505124532111742 1.2985212560505062 2.0244868314936566
28 3.4805281162261963 0.24169563935720362 1.0630172755498393 2.1758152432782936
29 3.586524486541748 0.23237163538578898 1.1365694406767943 2.2175835058769735
30 3.560041904449463 0.19601207854429958 1.3282761836162535 2.0357534719346404
31 3.446282386779785 0.15305259273988625 1.485044433582516 1.8081855860648055
32 3.3032712936401367 0.13241436865279788 1.496548618779343 1.6743084364595697
33 3.1075708866119385 0.13544529535414718 1.3088142778269685 1.6633112123119638
34 2.901228427886963 0.1422554395782041 1.0271659634548547 1.7318070150160358
35 2.806121826171875 0.14071774880963972 0.8533910833193348 1.8120130074825747
36 2.797339916229248 0.1255618418581146 0.8673913395610986 1.8043870265324962
37 2.7475318908691406 0.09684106910892898 0.9916880899045615 1.6590028763576319
38 2.683504581451416 0.0666897003764717 1.1549673880962312 1.461847470213315
39 2.6392123699188232 0.0409559410586553 1.2777307174660035 1.3205257259594205
40 2.594651699066162 0.02179610439259605 1.2937739589280737 1.2790813353736135
41 2.552809238433838 0.015575400518744509 1.218477179055298 1.3187568254235191
42 2.4689040184020996 0.020813086035226025 1.0772307046209557 1.3708604149697239
43 2.3755531311035156 0.03717631984727632 0.9058158304902761 1.4325613061934694
44 2.3428232669830322 0.06215774738120672 0.7356508079984678 1.5450147723948362
45 2.343679904937744 0.08259502044165856 0.5725469004705701 1.6885381373827144
46 2.3456757068634033 0.09006949959790234 0.45997209621763524 1.795634093940155
47 2.315962553024292 0.08192724985322086 0.4429946071816997 1.7910403154693215
48 2.2521955966949463 0.06105597258993356 0.5241322688157197 1.6670074690326473
49 2.2041475772857666 0.03829382056187569 0.6538378445411581 1.5120158232475251
50 2.169464111328125 0.021438590104501998 0.7313212474127795 1.4167043919355806
51 2.1251628398895264 0.012896834231486576 0.7061158444612374 1.406150352820486
52 2.080894708633423 0.011546014892075296 0.6273391869737317 1.442009801635927
53 2.048680305480957 0.013740587249330166 0.5622065909265075 1.4727331986060188
54 2.037478446960449 0.017264310988426956 0.5334222748952016 1.4867918566188218
55 2.0203986167907715 0.01818695871361342 0.5112910641673807 1.490920416433186
56 1.9698189496994019 0.01362928217326953 0.47034714522305876 1.4858424268884303
57 1.9202574491500854 0.007725521849648254 0.4364574568626267 1.4760744559112786
58 1.9011493921279907 0.004298413284798741 0.4348532327638295 1.46199808285702
59 1.895559310913086 0.0029426728275732117 0.44327971382517717 1.4493369133504193
60 1.8852519989013672 0.0033451729701807764 0.42039434577145585 1.4615126331394368
61 1.87391197681427 0.005522073251825077 0.3586595277924971 1.5097303087559908
62 1.8683866262435913 0.007375399423729584 0.2969405842541164 1.5640707159512954
63 1.8589932918548584 0.005863531930226928 0.2770656161844869 1.5760639575503979
64 1.8470799922943115 0.002153154660092582 0.3070720949067507 1.5378546427065294
65 1.850761890411377 0.000552356118832309 0.3560400268236208 1.4941699234970676
66 1.8583842515945435 0.0009803830056362983 0.37111900440390855 1.4862849359651746
67 1.8523890972137451 0.000865649882637598 0.33326062917831223 1.5182627964041213
68 1.8465522527694702 0.0006537330739142533 0.279977708475144 1.565920964498961
69 1.8452706336975098 0.000715718640066143 0.25192815094533216 1.5926269277993221
70 1.8396806716918945 0.0003553109574349067 0.25514154312543624 1.5841838940983934
71 1.8361045122146606 0.00038182868093050715 0.2688168535422619 1.566905845765442
72 1.8384908437728882 0.0012533033700492524 0.26653068654240997 1.5707068676430467
73 1.8381654024124146 0.0015788818486726086 0.2434522125413423 1.5931342070630876
74 1.8348188400268555 0.0008152565665113798 0.22213763249624208 1.6118661242299561
75 1.836395025253296 0.00022929545925309824 0.221605054768375 1.6145605534922902
76 1.8391168117523193 0.0003680812556995372 0.23255737509612118 1.6061910830520656
77 1.838926076889038 0.0010443294893896227 0.23733884260821014 1.6005429688881279
78 1.8412412405014038 0.0021030831177775156 0.23457418955888443 1.6045641093501752
79 1.841646432876587 0.0022911975304384935 0.22952400983302823 1.6098312852240584
80 1.838308572769165 0.0013809807296952248 0.225053471770309 1.611874308310221
81 1.8379716873168945 0.0006835675901533944 0.21972984214299185 1.6175582776961734
82 1.8373396396636963 0.00042124454813308176 0.210164560509142 1.626754042408976
83 1.8353053331375122 0.0005370375015822937 0.20378213907451936 1.6309862678937996
84 1.8349039554595947 0.0009747482037797406 0.20934729410180353 1.6245818355859039
85 1.8337321281433105 0.001074947457254477 0.2196865063946234 1.6129708252791808
86 1.8319810628890991 0.0007369358672087156 0.2214962948835364 1.6097479256169018
87 1.8318827152252197 0.000394397892556686 0.21380790091301272 1.6176806330404743
88 1.8320618867874146 0.000284162969027002 0.2093765613222729 1.622401310304125
89 1.8312591314315796 0.0004691641731483509 0.21839750607128394 1.6123927791019281
90 1.8309917449951172 0.0007871820043345856 0.23428851637137882 1.5959159730937857
91 1.8302627801895142 0.0007233983778041353 0.23954826534618157 1.5899911042900867
92 1.8287711143493652 0.0003061211155963861 0.22932538216906062 1.5991395849790149
93 1.8284525871276855 7.745245562695846e-05 0.21871504028626987 1.6096601789521512
94 1.8279426097869873 4.488250395273674e-05 0.2216742528000566 1.6062234953536523
95 1.8271360397338867 8.01865484996167e-05 0.23505714577368053 1.591998961205007
96 1.8268613815307617 0.00013588348799750682 0.24465384033112514 1.5820715060385424
97 1.8263862133026123 9.700433173331913e-05 0.24399595759236092 1.5822931776627525
98 1.8260579109191895 3.070853074216284e-05 0.24105500857072926 1.5849720684887947
99 1.8262968063354492 4.487065997463291e-05 0.24431590139964499 1.581935937190498
99 1.8264083862304688 7.217478443977132e-05 0.25171116922571457 1.5746250612572443
100 1.8262109756469727 5.5111572549004784e-05 0.25656463555029774 1.5695910287491177
