0 30.595703125 0.28796756616793573 29.016114625148475 1.2916237623430789
1 113.48597717285156 10.89543879032135 102.59053373709321 0.0
2 25.761865615844727 5.300966203212738 20.460895490832627 0.0
3 13.766358375549316 0.9525734335184097 8.544215958099812 4.2695702109485865
4 56.23004913330078 0.026470259064808488 56.08494212850928 0.11864348259405233
5 45.4068603515625 0.09184328746050596 44.90336870774627 0.41165473486762494
6 15.577369689941406 0.8154641538858414 11.106876572594047 3.6550268325954676
7 2.4725964069366455 2.3929759562015533 0.07962185722135473 0.0
8 13.550085067749023 4.170522689819336 9.379562505055219 0.0
9 23.933868408203125 5.1470787525177 18.786789900623262 0.0
10 21.80062484741211 4.962149202823639 16.8384731374681 0.0
11 11.558150291442871 3.9518269300460815 7.6063243905082345 0.0
12 3.3551299571990967 2.694372832775116 0.6607589789200574 0.0
13 10.464557647705078 1.6521393656730652 1.4072953508002684 7.40512465685606
14 14.023078918457031 0.9304714798927307 8.922102253418416 4.170506097376347
15 19.8122501373291 0.5962408035993576 16.54357822611928 2.672436458989978
16 20.594505310058594 0.564845360815525 17.497944622300565 2.5317175993695855
17 16.120859146118164 0.7810656800866127 11.838942505419254 3.500847958959639
18 11.492558479309082 1.2274348437786102 4.763585936743766 5.501538317650557
19 10.669189453125 1.8225170969963074 0.677890602091793 8.168781988322735
20 2.4600653648376465 2.3867218494415283 0.07334203597565647 0.0
21 4.148496150970459 2.88059663772583 1.267899356316775 0.0
22 5.687062740325928 3.166473090648651 2.5205893925158307 0.0
23 5.75064754486084 3.1770161390304565 2.5736318476265296 0.0
24 4.4247145652771 2.937427669763565 1.4872852872940712 0.0
25 2.8473570346832275 2.5435313880443573 0.3038249495875789 0.0
26 11.65768051147461 2.116400867700577 0.05527350709598977 9.486011032015085
27 10.461966514587402 1.641357347369194 1.4638089647633024 7.35679811052978
28 11.338492393493652 1.256340816617012 4.451054452219978 5.631099017336965
29 12.93789291381836 1.032560557126999 7.277249449398369 4.628083925694227
30 13.427922248840332 0.9834930747747421 8.036272623576224 4.408156460151076
31 12.380433082580566 1.0964509546756744 6.369536118581891 4.914449814707041
32 10.95702075958252 1.3434393554925919 3.5920957650523633 6.021487111225724
33 10.470304489135742 1.6671179085969925 1.3309271848993376 7.4722606260329485
34 11.094231605529785 1.9762159585952759 0.26033185415144544 8.85768224298954
35 11.929586410522461 2.173171192407608 0.01594896046754002 9.740463737398386
36 12.058578491210938 2.198495328426361 0.006116472584380972 9.853970132768154
37 11.403580665588379 2.0579578578472137 0.1215637467612396 9.224061112850904
38 10.653319358825684 1.81466144323349 0.7050852675456554 8.133571825921535
39 10.489039421081543 1.5553722977638245 1.9622673554113135 6.971400834619999
40 10.91744327545166 1.3543867021799088 3.4925013373140246 6.070554682984948
41 11.348740577697754 1.254332259297371 4.472312282305211 5.622096376493573
42 11.286297798156738 1.2667848765850067 4.341600195039064 5.677910786122084
43 10.833479881286621 1.3794716596603394 3.271022149710916 6.1829890459775925
44 10.48647689819336 1.5585575550794601 1.942243801895529 6.985677612945437
45 10.546271324157715 1.7504610419273376 0.9499946489813738 7.84581645578146
46 10.841241836547852 1.894331157207489 0.45625042635947466 8.49066286534071
47 10.990571022033691 1.9449039101600647 0.32832845754455775 8.717337168753147
48 10.834821701049805 1.8919677436351776 0.4627865238580853 8.4800697080791
49 10.563984870910645 1.7630232870578766 0.8988401829265058 7.902122233062983
50 10.46219539642334 1.608258605003357 1.645496756536886 7.208444818854332
51 10.58910083770752 1.478554055094719 2.483457742491737 6.627090496942401
52 10.746282577514648 1.409031018614769 3.0217726639239118 6.315478315576911
53 10.73521614074707 1.4131140559911728 2.988324118196033 6.333779072389007
54 10.580586433410645 1.483385607600212 2.4484547931933776 6.648746205493808
55 10.466004371643066 1.5944957733154297 1.7247532570036128 7.1467578411102295
56 10.499117851257324 1.7087890058755875 1.1312940967036411 7.659036437049508
57 10.60317325592041 1.7875709533691406 0.8034548704745248 8.012148380279541
58 10.635964393615723 1.805713266134262 0.7367868814617395 8.093464817851782
59 10.562071800231934 1.7617181837558746 0.9040802592062391 7.896272573620081
60 10.475386619567871 1.6769025325775146 1.282367124222219 7.516116708517075
61 10.47009563446045 1.5846326053142548 1.782913223723881 7.102549713104963
62 10.530397415161133 1.5164745450019836 2.2168648935621604 6.797055549919605
63 10.565986633300781 1.4921105653047562 2.386022014543414 6.6878527123481035
64 10.531890869140625 1.5153376907110214 2.224589241668582 6.791960006579757
65 10.475393295288086 1.574677437543869 1.8427853973116726 7.05792922899127
66 10.463240623474121 1.6473286747932434 1.4323501172475517 7.383562453091145
67 10.497174263000488 1.7066381722688675 1.1411434470210224 7.649396093562245
68 10.52304744720459 1.7319001406431198 1.0285245967679657 7.762623844668269
69 10.506462097167969 1.716479018330574 1.0964782306109555 7.693504171445966
70 10.471583366394043 1.6697796434164047 1.31761407275917 7.4841909017413855
71 10.46153736114502 1.6120444685220718 1.6240806094720028 7.225413599982858
72 10.481447219848633 1.5653205811977386 1.9001341564580798 7.01599046215415
73 10.498021125793457 1.5452296882867813 2.026852669660002 6.9259402099996805
74 10.488146781921387 1.5564611703157425 1.9554086652351543 6.976281316950917
75 10.466817855834961 1.5922948718070984 1.737632512813434 7.136893086135387
76 10.461365699768066 1.6375782638788223 1.483926419459749 7.339859718456864
77 10.474020957946777 1.6744567155838013 1.2944086664356291 7.5051542073488235
78 10.483357429504395 1.6893469095230103 1.2221119488822296 7.571894183754921
79 10.476184844970703 1.6782809644937515 1.2756100404658355 7.5222950372844934
80 10.463397026062012 1.647950455546379 1.4290972735034302 7.386349363252521
81 10.461544036865234 1.6120263189077377 1.6241843733587302 7.22533225081861
82 10.46994400024414 1.5849559605121613 1.780987735837698 7.10399903729558
83 10.474435806274414 1.5763194561004639 1.8328269408084452 7.065288990736008
84 10.468670845031738 1.5877728015184402 1.7642712709493935 7.11662452109158
85 10.461383819580078 1.6131126880645752 1.6180675436044112 7.2302015125751495
86 10.46192741394043 1.6411453932523727 1.4649331077816896 7.355848101899028
87 10.467397689819336 1.6603411138057709 1.365171424986329 7.441886063665152
88 10.468733787536621 1.6636026203632355 1.3486266328254715 7.456504601985216
89 10.464224815368652 1.650995209813118 1.4132309533306397 7.3999963868409395
90 10.460600852966309 1.6291830241680145 1.5291882268502377 7.302231054753065
91 10.462248802185059 1.6080051362514496 1.6469361979397945 7.2073087356984615
92 10.465450286865234 1.5960884541273117 1.715468752081506 7.153896464034915
93 10.464999198913574 1.5974642783403397 1.707472152193077 7.160063104704022
94 10.461811065673828 1.6103731393814087 1.6335163425537758 7.2179224640131
95 10.460573196411133 1.628423660993576 1.533323474577628 7.298827480524778
96 10.462388038635254 1.6435535550117493 1.452192135329824 7.366641826927662
97 10.46381950378418 1.649548351764679 1.4207589719444513 7.393511362373829
98 10.462620735168457 1.644638568162918 1.4464748479076661 7.371505010873079
99 10.46076488494873 1.6319431215524673 1.5142190019832924 7.314602205529809
