0 16.529541015625 4.502456560730934 12.027085704961792 0.0
1 15.2539644241333 1.1538925147615373 8.830745935505547 5.269325843080878
2 14.383644104003906 0.9782834579236805 8.994209044496529 4.411151601932943
3 11.340112686157227 1.262499493546784 4.415107219945639 5.662505699321628
4 10.524133682250977 1.5784985078498721 1.8799256305210292 7.065708722919226
5 10.699275970458984 1.8306952193379402 0.6546754863375099 8.213904930278659
6 11.02210521697998 1.9547038674354553 0.30614027120464016 8.761261977255344
7 10.815044403076172 1.884564369916916 0.48359185093431734 8.446886729449034
8 10.485211372375488 1.6919294744729996 1.209814592730254 7.583469608798623
9 10.5570707321167 1.4977487325668335 2.346198873128742 6.7131237834692
10 10.788461685180664 1.394201636314392 3.145252100075595 6.249010905623436
11 10.735236167907715 1.4131055027246475 2.988392335246317 6.333740735426545
12 10.511277198791504 1.532322809100151 2.1108654601266608 6.86808973364532
13 10.484132766723633 1.6904404759407043 1.2168959129485302 7.5767957046628
14 10.63745403289795 1.8064966201782227 0.7339797087479383 8.096975922584534
15 10.667706489562988 1.8217931985855103 0.6803726137150079 8.165537372231483
16 10.529664993286133 1.7374875098466873 1.0045119895949028 7.787667231634259
17 10.462203025817871 1.608247235417366 1.6455626106471755 7.208393858745694
18 10.548497200012207 1.5034347772598267 2.3064544278895482 6.7386094480752945
19 10.604528427124023 1.470210239291191 2.54462419077754 6.589692322537303
20 10.529524803161621 1.5171408653259277 2.2123444866156206 6.80004209280014
21 10.461028099060059 1.6159556061029434 1.6021303352317773 7.242943877354264
22 10.503650665283203 1.7136126309633255 1.1093827596050687 7.680656613782048
23 10.5558443069458 1.7573883533477783 0.9215882062562741 7.876865655183792
24 10.517152786254883 1.7266792058944702 1.0512522782664746 7.739222869277
25 10.462726593017578 1.6451293379068375 1.4438904079725035 7.373704710975289
26 10.483736038208008 1.5621507614850998 1.9198022416094318 7.001782877370715
27 10.52341079711914 1.5219667851924896 2.1797726943623275 6.821672555059195
28 10.501384735107422 1.5417582094669342 2.0492465602001175 6.91038054600358
29 10.462570190429688 1.6064857840538025 1.6555840446380898 7.200498782098293
30 10.475713729858398 1.6774674654006958 1.279595292871818 7.5186488181352615
31 10.503092765808105 1.7130331993103027 1.1120013080653735 7.67805951833725
32 10.487038612365723 1.6943673640489578 1.19827348011313 7.594396578148007
33 10.461313247680664 1.6372136026620865 1.4858762559015304 7.338225254788995
34 10.472883224487305 1.5791247189044952 1.8158920580754057 7.0778625793755054
35 10.489958763122559 1.5542689263820648 1.9692320696776733 6.966455366462469
36 10.47560977935791 1.5743096470832825 1.8450184783432633 7.056280739605427
37 10.460529327392578 1.6239830553531647 1.5576251823222265 7.27892405167222
38 10.472076416015625 1.6707682758569717 1.3126876510796137 7.488622093573213
39 10.480450630187988 1.6851050108671188 1.2424631291651167 7.552881387993693
40 10.467337608337402 1.6601778715848923 1.3660031798644923 7.441154388710856
41 10.461078643798828 1.615541085600853 1.6044488930492662 7.24108593724668
42 10.471512794494629 1.5817392021417618 1.8001937121152878 7.089581066742539
43 10.472697257995605 1.5794677883386612 1.813827464939095 7.079400265589356
44 10.46233081817627 1.6076149195432663 1.6491559232235886 7.20555972866714
45 10.462778091430664 1.6453627794981003 1.4426638366421685 7.374751029536128
46 10.470004081726074 1.6664648354053497 1.334204479935579 7.469333458691835
47 10.466363906860352 1.6575984358787537 1.3791756457067095 7.429592989385128
48 10.460543632507324 1.6274516135454178 1.5386241654050536 7.294470624998212
49 10.464556694030762 1.5988733768463135 1.6993033658945933 7.166378885507584
50 10.467116355895996 1.591532900929451 1.742104017175734 7.133477823808789
51 10.462105751037598 1.6087502092123032 1.6427066380856559 7.210648259148002
52 10.461209297180176 1.6364043802022934 1.4902077303850092 7.334598204120994
53 10.46505069732666 1.6537229716777802 1.3991047843592241 7.412222605198622
54 10.463617324829102 1.648802027106285 1.4246508368523791 7.390166228637099
55 10.460537910461426 1.6271653920412064 1.5401868906337768 7.29318773932755
56 10.462601661682129 1.606341004371643 1.6564089161693119 7.199849858880043
57 10.46374225616455 1.6016943901777267 1.683023531222716 7.179023070260882
58 10.461100578308105 1.6153027415275574 1.605782104888931 7.240017645061016
59 10.461091995239258 1.6353991627693176 1.4955972883035429 7.330092675983906
60 10.462929725646973 1.646032229065895 1.4391461381455883 7.377751598134637
61 10.46168041229248 1.6396925896406174 1.472651394433342 7.349336428567767
62 10.46056079864502 1.6228145956993103 1.5640588515088893 7.273686848580837
63 10.461946487426758 1.6095980256795883 1.6379015482380055 7.214448293671012
64 10.461854934692383 1.6101139336824417 1.6349808516679332 7.216760667040944
65 10.460559844970703 1.6227804869413376 1.5642467566067353 7.273533968254924
66 10.461209297180176 1.6364157497882843 1.4901457802625373 7.334649164229631
67 10.461706161499023 1.639857918024063 1.4717718670726754 7.350077454000711
68 10.460708618164062 1.631155177950859 1.5184851360390894 7.311070529744029
69 10.46078872680664 1.6185492277145386 1.5876701698289253 7.254568859934807
70 10.461423873901367 1.6128096729516983 1.6197729698615149 7.228843355551362
71 10.460827827453613 1.6180967390537262 1.5901875228155404 7.2525407411158085
72 10.460599899291992 1.6290302127599716 1.53002059814753 7.301546132192016
73 10.461142539978027 1.6358726173639297 1.493056511390023 7.332214767113328
74 10.460864067077637 1.6331228464841843 1.5078472829191014 7.319889901205897
75 10.46053695678711 1.6239934861660004 1.5575680608162656 7.278970804065466
76 10.460928916931152 1.6169456988573074 1.5966002337518148 7.247381614521146
77 10.460840225219727 1.617906168103218 1.5912486883462407 7.25168657489121
78 10.460525512695312 1.6253321766853333 1.5502177763846703 7.284971006214619
79 10.460779190063477 1.6321257650852203 1.51323242316721 7.315420839935541
80 10.460794448852539 1.6323016285896301 1.5122814939240925 7.316209085285664
81 10.460524559020996 1.6262825280427933 1.5450138633605093 7.289230616763234
82 10.460684776306152 1.6200422942638397 1.5793820036924444 7.261260997503996
83 10.460735321044922 1.6192371398210526 1.5838483712286688 7.2576521802693605
84 10.460532188415527 1.6241177171468735 1.5568860957864672 7.279527625069022
85 10.460624694824219 1.6297177076339722 1.5262827352853492 7.3046275824308395
86 10.460686683654785 1.6308093965053558 1.520358022826258 7.309520687907934
87 10.460528373718262 1.6267785131931305 1.5423000781447627 7.291453693062067
88 10.460597038269043 1.6218356639146805 1.5694594022352248 7.269299136474729
89 10.460648536682129 1.6206969320774078 1.5757547880639322 7.264195177704096
90 10.460532188415527 1.6241000890731812 1.5569829763262533 7.279448613524437
91 10.460576057434082 1.628414586186409 1.5333730963175185 7.298786805942655
92 10.460612297058105 1.6294393092393875 1.5277951196185313 7.303379761055112
93 10.460530281066895 1.6264856159687042 1.5439020487247035 7.290140885859728
94 10.46056079864502 1.62275430560112 1.5643899713177234 7.273416619747877
95 10.460588455200195 1.621933400630951 1.5689191108685918 7.269737206399441
96 10.460526466369629 1.6245713531970978 1.5543937077745795 7.2815608866512775
97 10.460553169250488 1.6277595311403275 1.536943395913113 7.295850755646825
98 10.460569381713867 1.6283149719238281 1.5339157506241463 7.298340320587158
99 10.460526466369629 1.625913381576538 1.5470345880021341 7.287576049566269
99 10.46054744720459 1.6232188940048218 1.5618305990938097 7.2754989713430405
100 10.460556030273438 1.6229574978351593 1.5632705541793257 7.274327356368303
