0 157.4254150390625 0.4282385891875309 154.9065035916865 2.090676064730518
1 67.57194519042969 8.61921452730894 58.95272844389547 0.0
2 58.48532485961914 7.917795453220606 50.56753432517871 0.0
3 6.146842002868652 3.2084936629980803 2.9383497014850946 0.0
4 15.029850959777832 0.9329456305131316 9.91552927979501 4.1813774686306715
5 30.137861251831055 0.29207234969362617 28.528108360245824 1.3176827798597515
6 29.40472412109375 0.29170681326650083 27.789118885528296 1.3238958716392517
7 16.58390998840332 0.7068897751159966 12.67467179801315 3.2023512101732194
8 10.2855863571167 1.6571632428094745 1.166797124882578 7.461625591851771
9 4.199415683746338 2.8424380756914616 1.356977953837486 0.0
10 10.67268180847168 3.80319581925869 6.8694854493951425 0.0
11 11.799942016601562 3.932669125497341 7.867271826486103 0.0
12 6.6440110206604 3.268446173518896 3.375564538349863 0.0
13 2.4868104457855225 2.3317698817700148 0.1550406912149751 0.0
14 10.481609344482422 1.57182911131531 1.802056721272038 7.107722483575344
15 12.724386215209961 1.0384649559855461 6.9833836612524465 4.702537873759866
16 15.464173316955566 0.8071336434222758 11.00126892037224 3.655772977974266
17 14.990903854370117 0.8380865720100701 10.361164171481505 3.79165413742885
18 12.150100708007812 1.1006025010719895 6.07787056727102 4.971627298742533
19 10.40039348602295 1.552760273218155 1.843574611499207 7.004057101905346
20 11.432880401611328 2.057287400588393 0.105874393034736 9.269717641174793
21 2.5186071395874023 2.3854370526969433 0.13316937762022008 0.0
22 3.1100268363952637 2.593742998316884 0.5162836057206732 0.0
23 3.1370487213134766 2.603004055097699 0.5340449977156823 0.0
24 2.604968309402466 2.426962673664093 0.17800462161176256 0.0
25 11.871252059936523 2.156930834054947 0.025080601038434708 9.689240466803312
26 10.44362735748291 1.7231508791446686 0.9819831946369959 7.738493977114558
27 10.836332321166992 1.3369595259428024 3.496139571245294 6.003233607858419
28 12.033380508422852 1.1167347133159637 5.902711541391909 5.013933794572949
29 12.237863540649414 1.0896877199411392 6.2560074045322835 4.892168282531202
30 11.240547180175781 1.241615116596222 4.424915918614715 5.574015695601702
31 10.393722534179688 1.5278945118188858 2.006632909644395 6.859196818433702
32 10.672187805175781 1.8492940366268158 0.5204546939303327 8.302436858415604
33 11.419819831848145 2.063005119562149 0.09402444525275513 9.262792568653822
34 11.432058334350586 2.065516024827957 0.09112278249885813 9.275418996810913
35 10.724974632263184 1.8722078204154968 0.44361165798920155 8.409155806526542
36 10.316787719726562 1.5982761085033417 1.537679947759898 7.180831868201494
37 10.627458572387695 1.3694785237312317 3.102692423242843 6.155285403132439
38 11.018936157226562 1.2597983181476593 4.093944407592062 5.665193010121584
39 10.864877700805664 1.2880310863256454 3.781157242861809 5.795688647776842
40 10.400461196899414 1.4332346767187119 2.5135367994371336 6.45368838775903
41 10.26368522644043 1.6366468966007233 1.2512048862128342 7.3758336789906025
42 10.536048889160156 1.8070020973682404 0.5773630526320515 8.151683827862144
43 10.689807891845703 1.859884649515152 0.4301714403045985 8.399752125144005
44 10.456334114074707 1.7734821029007435 0.6634325320537283 8.019419396296144
45 10.194361686706543 1.6022111289203167 1.3370854264493577 7.2550658993422985
46 10.244799613952637 1.433366695418954 2.3104391160354316 6.500993287190795
47 10.423117637634277 1.3347562002018094 3.0234804859804854 6.064881259575486
48 10.390355110168457 1.3333994168788195 2.986323567594516 6.070632478222251
49 10.189193725585938 1.4178285263478756 2.303330224221603 6.46803374029696
50 10.11983871459961 1.5436079520732164 1.5200969716919526 7.056134763173759
51 10.235721588134766 1.6454441221430898 1.0539323912703078 7.536344478838146
52 10.288034439086914 1.6678265016525984 0.9674255565753094 7.652782861143351
53 10.169729232788086 1.6007309295237064 1.2122041105108083 7.35679214540869
54 10.068819046020508 1.4846155401319265 1.7512946712790503 6.8329097032547
55 10.110481262207031 1.3796286676079035 2.3730576460400528 6.357794729061425
56 10.162446975708008 1.3305954141542315 2.693365213267331 6.138486639596522
57 10.096027374267578 1.3510945765301585 2.5062470245687063 6.238687073811889
58 9.997525215148926 1.4232693752273917 1.9974283777499735 6.576827308163047
59 9.991764068603516 1.5053937546908855 1.5255095304757755 6.9608597392216325
60 10.02507209777832 1.5501874508336186 1.3024606783045107 7.1724245660007
61 9.984513282775879 1.5319970129057765 1.3593046496028696 7.0932126343250275
62 9.905591011047363 1.4631362473592162 1.6626108009484462 6.779844569973648
63 9.888261795043945 1.3829029016196728 2.0916127330871834 6.413747543469071
64 9.913942337036133 1.3308229791000485 2.4052000278867345 6.177919554524124
65 9.901655197143555 1.3261296870186925 2.4124046452244046 6.163121364079416
66 9.864432334899902 1.3622403219342232 2.161689205493661 6.340503118932247
67 9.869071960449219 1.4115847954526544 1.8756914399445186 6.581794578582048
68 9.900903701782227 1.4402289427816868 1.7345385427189626 6.726136335171759
69 9.898316383361816 1.4283666517585516 1.7901213344602458 6.679827864281833
70 9.870748519897461 1.383005827665329 2.013124248333969 6.474619769491255
71 9.86759090423584 1.331560105085373 2.2970134525423447 6.239017267711461
72 9.878029823303223 1.3025823216885328 2.467981459053253 6.107466057874262
73 9.863265991210938 1.3096155850216746 2.410249819934542 6.143400540575385
74 9.837355613708496 1.3457222133874893 2.1771483303464967 6.314484158530831
75 9.834260940551758 1.3882970167323947 1.9307543501519748 6.5152097241953015
76 9.841261863708496 1.4123767046257854 1.8005685251889265 6.628317183814943
77 9.831901550292969 1.4059918131679296 1.8274685177911323 6.598442449234426
78 9.819716453552246 1.3776676608249545 1.976595604177294 6.465452389791608
79 9.824158668518066 1.3487075008451939 2.1461051133997557 6.329345998354256
80 9.830690383911133 1.338313159532845 2.2122506815623106 6.280127422884107
81 9.824087142944336 1.352478357963264 2.125701258290098 6.345907227136195
82 9.81717300415039 1.3818103224039078 1.952599835765377 6.482764447107911
83 9.819683074951172 1.4079093895852566 1.8071752389926417 6.604598990641534
84 9.819047927856445 1.4151504607871175 1.765477737519695 6.638419363647699
85 9.809529304504395 1.4010005984455347 1.836333201697368 6.572194715030491
86 9.803452491760254 1.3767940877005458 1.9677284586201087 6.458929833956063
87 9.803760528564453 1.3587973164394498 2.069726390890693 6.375237423926592
88 9.800430297851562 1.3573154555633664 2.0731621020370805 6.369952205568552
89 9.793437957763672 1.3710234686732292 1.9856020597057853 6.436811407096684
90 9.79150104522705 1.388691927306354 1.8797337236838074 6.523074746131897
91 9.792139053344727 1.3969521773979068 1.829383390882063 6.565803146921098
92 9.788869857788086 1.3895118236541748 1.863966271645565 6.535392488352954
93 9.784618377685547 1.3710979903116822 1.9597079533369037 6.4538130620494485
94 9.783717155456543 1.353328631259501 2.0547859763701366 6.375603147782385
95 9.78186321258545 1.3462247820571065 2.087664850554863 6.347973320633173
96 9.776665687561035 1.3517546420916915 2.044712717299473 6.380197795107961
97 9.772414207458496 1.3632261268794537 1.9684097436732861 6.440776992589235
98 9.77025032043457 1.3704526768997312 1.9183555548466624 6.481441870331764
99 9.766634941101074 1.3669923916459084 1.9281264549545192 6.471516250632703
99 9.762384414672852 1.3545887041836977 1.9889130625931923 6.418883302249014
100 9.760671615600586 1.3413430722430348 2.058034587935798 6.361294129863381
