0 17.233562469482422 4.539219185709953 12.694343460723758 0.0
1 71.42568969726562 0.0005349960564614564 71.42220189608634 0.002948311898783862
2 3.3874852657318115 2.2776600271463394 0.04103776460741565 1.068787483498454
3 22.264453887939453 5.021640334278345 17.242813220713288 0.0
4 6.060155868530273 3.2289697397500277 2.831186119117774 0.0
5 11.248918533325195 2.018592333421111 0.1818456117689493 9.048479918390512
6 12.676462173461914 1.0614613015204668 6.857324021635577 4.757677071727812
7 12.973950386047363 1.0291158752515912 7.332186683779582 4.612646488472819
8 11.05763053894043 1.3176113069057465 3.834297525463626 5.9057221077382565
9 10.517614364624023 1.7270988374948502 1.0494147328427061 7.741103718057275
10 11.31445026397705 2.0358347296714783 0.15371556495665573 9.124902091920376
11 11.7567720413208 2.1376816034317017 0.03769207774894312 9.581394329667091
12 11.351530075073242 2.0451579988002777 0.13968518494948512 9.166690316051245
13 10.686737060546875 1.8308796882629395 0.6495934196573216 8.206264317035675
14 10.469703674316406 1.5854783356189728 1.77788118890021 7.106340397149324
15 10.803147315979004 1.3892835080623627 3.1868951162323356 6.22696715220809
16 11.167899131774902 1.2919488996267319 4.085251615615562 5.79069953225553
17 11.113327980041504 1.3043467551469803 3.9627128350548446 5.846268491819501
18 10.755173683166504 1.4058124870061874 3.048309096484445 6.301052397117019
19 10.487878799438477 1.5568025708198547 1.9532602390972897 6.977811522781849
20 10.500678062438965 1.710475668311119 1.1236045762780122 7.666596299037337
21 10.672754287719727 1.8242404758930206 0.672004826774355 8.176506418734789
22 10.77922534942627 1.8706523776054382 0.5240420960763004 8.384531192481518
23 10.695836067199707 1.8350962400436401 0.6355780006560963 8.225163504481316
24 10.547650337219238 1.751478672027588 0.9457921088323928 7.85037761926651
25 10.463020324707031 1.6464288085699081 1.4370651071658358 7.379529124125838
26 10.495101928710938 1.5483756214380264 2.0066848740680143 6.940040731802583
27 10.58641529083252 1.4800578653812408 2.47252986417152 6.633830789476633
28 10.636281967163086 1.454403281211853 2.663034401484765 6.518843278288841
29 10.598097801208496 1.4736281037330627 2.5194570305757225 6.6050116792321205
30 10.513888359069824 1.5299964249134064 2.1262282686075196 6.857662547379732
31 10.462367057800293 1.6074238270521164 1.6502414373098873 7.204703224822879
32 10.480070114135742 1.6845320463180542 1.2452273580129258 7.550313279032707
33 10.532757759094238 1.7400071769952774 0.9937895843177103 7.79896073974669
34 10.558445930480957 1.7592118680477142 0.9141930259647779 7.885038908571005
35 10.5316801071167 1.7391347438097 0.9974938523373567 7.79505036957562
36 10.4830904006958 1.688968375325203 1.2239203171338886 7.570197539404035
37 10.460525512695312 1.6260786056518555 1.546129068301525 7.288316607475281
38 10.478510856628418 1.5696509331464767 1.8734623171621934 7.035399718210101
39 10.508484840393066 1.5348816961050034 2.094046258716844 6.879559030756354
40 10.51450252532959 1.5294608026742935 2.1297761716414243 6.855261811986566
41 10.491448402404785 1.552507683634758 1.9803802151000127 6.958561224862933
42 10.465699195861816 1.5953683108091354 1.7196612240513787 7.150668678805232
43 10.462485313415527 1.644037127494812 1.449642523075454 7.368809267878532
44 10.479194641113281 1.683172807097435 1.2517977695097215 7.54422097466886
45 10.492339134216309 1.7010244131088257 1.1670815420802683 7.624234423041344
46 10.486329078674316 1.6934301555156708 1.2027037871303037 7.5901958756148815
47 10.469332695007324 1.6649761497974396 1.3416947942459956 7.4626609571278095
48 10.460536003112793 1.6267592161893845 1.542406615917571 7.2913672011345625
49 10.466941833496094 1.5919695347547531 1.739540946437046 7.135434878990054
50 10.477397918701172 1.5713851600885391 1.8628436757717282 7.043172771111131
51 10.47809886932373 1.5702913850545883 1.8695365492021665 7.038270315155387
52 10.468823432922363 1.5874227434396744 1.7663457267917693 7.115055510774255
53 10.46104621887207 1.6157679557800293 1.6031788641703315 7.242102801799774
54 10.46269702911377 1.6450098007917404 1.4445201828493737 7.373168928548694
55 10.469367027282715 1.6650492697954178 1.341326483816374 7.462988691404462
56 10.47149658203125 1.6695975214242935 1.3185224690823816 7.483374604955316
57 10.466630935668945 1.6583195179700851 1.3754859662731178 7.432824982330203
58 10.46123218536377 1.6365964114665985 1.4891785159124993 7.335458915680647
59 10.461389541625977 1.6130662709474564 1.6183288025786169 7.229993464425206
60 10.465411186218262 1.596209242939949 1.7147644932265393 7.1544378567487
61 10.467180252075195 1.5913711190223694 1.7430543299997225 7.1327526941895485
62 10.464447021484375 1.5992253124713898 1.6972678471938707 7.167956311255693
63 10.461033821105957 1.6159000098705292 1.6024409077363089 7.242694687098265
64 10.461005210876465 1.6346086114645004 1.4998462653602473 7.326549312099814
65 10.463468551635742 1.6482402235269547 1.42758365633199 7.387648144736886
66 10.464537620544434 1.6520711481571198 1.4076504082186148 7.404818896204233
67 10.462803840637207 1.6454726159572601 1.442086354654748 7.375243332237005
68 10.460762977600098 1.6318861693143845 1.514528752595652 7.3143469374626875
69 10.46091079711914 1.617142528295517 1.5955032131751068 7.248263832181692
70 10.462459564208984 1.6069939732551575 1.6526870802044868 7.202776558697224
71 10.462923049926758 1.604920119047165 1.664519450860098 7.193481247872114
72 10.461702346801758 1.611009418964386 1.6299201533547603 7.220774360001087
73 10.460579872131348 1.6221907287836075 1.5674985729856417 7.270890587940812
74 10.460909843444824 1.6336267590522766 1.5051318539190106 7.322148509323597
75 10.461853981018066 1.6407271176576614 1.4671533467480913 7.353973330929875
76 10.461905479431152 1.6409985274076462 1.4657136998721398 7.355189828202128
77 10.46103572845459 1.6349257081747055 1.498140119947493 7.327970584854484
78 10.460521697998047 1.6255564391613007 1.5489888421143405 7.285976182669401
79 10.460921287536621 1.6170263290405273 1.5961525079910643 7.247743010520935
80 10.46143627166748 1.6127507388591766 1.6201043978799134 7.228579204529524
81 10.4612455368042 1.6141108125448227 1.6124623417272232 7.23467524908483
82 10.460684776306152 1.6200468838214874 1.5793560113525018 7.261281568557024
83 10.460555076599121 1.6276838034391403 1.5373571158852428 7.295511333271861
84 10.460906982421875 1.6336456388235092 1.5050289119244553 7.322233131155372
85 10.461101531982422 1.6355354934930801 1.4948662152164616 7.330703729763627
86 10.46084213256836 1.6328994184732437 1.5090544370468706 7.3188884649425745
87 10.460541725158691 1.6272800266742706 1.539559992379509 7.29370154812932
88 10.460611343383789 1.621379628777504 1.5719778853235766 7.267255121842027
89 10.460847854614258 1.6177909076213837 1.5918899697135203 7.251169960945845
90 10.460845947265625 1.6178720593452454 1.5914389563840814 7.251533694565296
91 10.460617065429688 1.6212609261274338 1.572634166222997 7.266723079606891
92 10.460526466369629 1.6261642426252365 1.5456613089190796 7.288700444623828
93 10.46065616607666 1.6302678287029266 1.5232949517667294 7.307093303650618
94 10.460752487182617 1.6317930221557617 1.5150318533414975 7.313929438591003
95 10.460654258728027 1.630284309387207 1.5232060846756212 7.307167172431946
96 10.460529327392578 1.6267005950212479 1.5427269483916461 7.291104452684522
97 10.46056079864502 1.6228611171245575 1.5638020102051087 7.273895364254713
98 10.46065616607666 1.6205493360757828 1.576572981721256 7.263533631339669
99 10.460652351379395 1.620687335729599 1.5758073891629465 7.26415216550231
