0 168.9819793701172 0.9757258202100729 162.0610476316226 5.945199489992632
1 35.47783279418945 3.327812555246055 31.599558979244797 0.5504612782970071
2 34.426631927490234 5.777422029525042 28.649209782453944 0.0
3 35.808433532714844 6.123764827847481 29.6846687910147 0.0
4 25.938873291015625 5.249689858406782 20.68918208717611 0.0
5 14.817854881286621 3.9983205925673246 10.158616704492458 0.6609172206372023
6 8.87158489227295 2.8187760771252215 5.794340290314061 0.25846903631463647
7 12.199893951416016 1.9371512280777097 10.146490444028073 0.11625236552208662
8 17.799341201782227 1.4397567624691874 16.02635470693997 0.3332289739046246
9 21.175195693969727 1.3558601918630302 14.901389283846788 4.917947072040988
10 17.345211029052734 1.5224188482388854 9.729677884624842 6.093111802591011
11 14.868975639343262 1.7784635233692825 5.586342925845417 7.504170171683654
12 14.54397964477539 2.015542108565569 4.071369043469283 8.45706774154678
13 14.51741886138916 2.0762986447662115 3.9226055063918595 8.518514233175665
14 13.767045974731445 1.9229809972457588 4.106155958157087 7.737909867428243
15 12.854585647583008 1.6737052704556845 4.647827040881816 6.533052955739549
16 12.775457382202148 1.4710034620909482 5.758085901888114 5.546367745040925
17 12.968623161315918 1.3566988294248574 6.539242384579465 5.072681252609817
18 12.067547798156738 1.2681978101292657 5.932741586522058 4.866608639978994
19 10.400059700012207 1.19512755475467 4.4082556321740505 4.796677510399485
20 9.092388153076172 1.1648083521286026 2.953958011454783 4.973622968376731
21 8.569377899169922 1.1714236249681562 2.0523634627045415 5.3455911736236885
22 8.474907875061035 1.1754720956087112 1.6704894197327955 5.628945980221033
23 8.421573638916016 1.1425966871902347 1.717001173687736 5.561976180411875
24 8.371233940124512 1.0703469915315509 2.052847985294822 5.248039876110852
25 8.319379806518555 0.9809289665427059 2.496098163971058 4.842353313113563
26 8.187310218811035 0.9031722350046039 2.80275447414454 4.481383603066206
27 7.917110443115234 0.8577319823671132 2.798909555850514 4.260468924767338
28 7.554455757141113 0.854064078477677 2.4745104814428487 4.225881333870348
29 7.232940673828125 0.8898237534449436 1.9737835748073849 4.36933372108615
30 7.085911273956299 0.9527226968784817 1.4965952787260903 4.636593310788157
31 7.148478031158447 1.0234773337142542 1.1843718944528518 4.940628436801489
32 7.325235843658447 1.081067902239738 1.058042112369975 5.186125892054406
33 7.462122440338135 1.1091440975433215 1.0534541508609436 5.299523820984177
34 7.463102340698242 1.101358173560584 1.1076157864895322 5.254128333421249
35 7.345145225524902 1.0627708508109208 1.2059011291876232 5.0764732746865775
36 7.19801139831543 1.0069171479844954 1.3593490665589343 4.831745085266448
37 7.101781845092773 0.9507595785544254 1.5521188056300161 4.598902991005161
38 7.071382999420166 0.9099195152521133 1.713307822268689 4.448156214057235
39 7.075559616088867 0.8944860039046034 1.759261391882319 4.421812005195534
40 7.084228515625 0.9055650815134868 1.6599441458529327 4.518719488114584
41 7.080811023712158 0.9341480914736167 1.4561618634324986 4.690500770229846
42 7.048093795776367 0.9640116579830647 1.227735813241452 4.856346600456163
43 6.964801788330078 0.9789230360183865 1.0488407469674712 4.9370380255859345
44 6.8297271728515625 0.9709526941878721 0.9647062091826228 4.894068233319558
45 6.679384708404541 0.9438610521610826 0.9895038974864292 4.746020001010038
46 6.567365646362305 0.9094899428309873 1.1046165101197403 4.553258842875948
47 6.514728546142578 0.8795388131402433 1.2546744835863137 4.380515738244867
48 6.485747337341309 0.8591673782866565 1.3613580610551708 4.265221832032694
49 6.424800395965576 0.8471089862287045 1.3651747404882768 4.212516388588483
50 6.316098213195801 0.8400206985679688 1.266369199038932 4.209708536958715
51 6.194303035736084 0.8347239337890642 1.1243387098201252 4.235240805610374
52 6.098828315734863 0.8267221178975888 1.0165821374898707 4.255523755447939
53 6.034588813781738 0.8096444334951229 0.9968199795200702 4.2281238762661815
54 5.980921268463135 0.7789626945741475 1.0789922591498224 4.1229664665297605
55 5.923239231109619 0.7368151731207035 1.2400102069344103 3.946413620025851
56 5.862605094909668 0.6924070929526351 1.426943065331396 3.743254970642738
57 5.801797389984131 0.656976821977878 1.5725711621723653 3.5722489124455024
58 5.738952159881592 0.6375429545587394 1.6265551410745882 3.4748538626736263
59 5.6775665283203125 0.6338762875675457 1.5856561738644481 3.4580343742854893
60 5.629950523376465 0.6396018627856392 1.4942900094092286 3.4960587838868378
61 5.601326942443848 0.6453048836265225 1.4123323356823299 3.543689672551409
62 5.577701568603516 0.6420596234092955 1.3814668492785567 3.554174881093786
63 5.540955543518066 0.6248822378329351 1.4172180976768434 3.4988554287483566
64 5.492548942565918 0.5950378904235549 1.516842514370591 3.3806685459676373
65 5.450981616973877 0.5593672745017102 1.659528719233758 3.2320852929115063
66 5.425956726074219 0.5266919494533795 1.8018902493031381 3.097373988821346
67 5.407028675079346 0.5037872385837545 1.891781510070639 3.01146031215967
68 5.380499362945557 0.4933035394824401 1.900492464431908 2.9867037691287806
69 5.346246719360352 0.4935645983387076 1.8420005084525584 3.010681625932193
70 5.3129730224609375 0.4997035258274991 1.7590942088160473 3.054175953720005
71 5.285468578338623 0.5060565032363229 1.6926928685882507 3.0867195505770724
72 5.262454509735107 0.5087521840500813 1.6618897078257486 3.091812558387142
73 5.24097204208374 0.5065728540178043 1.6628751963972768 3.0715238289003373
74 5.217665195465088 0.500254317161613 1.678054144717165 3.0393569160949885
75 5.191601753234863 0.49168012946410067 1.6889673342717955 3.010954135834212
76 5.167355537414551 0.4833797070255059 1.687038336649576 2.9969377045791408
77 5.150355339050293 0.47751179574788694 1.6741668237912077 2.998677065300626
78 5.138472080230713 0.47486434184520476 1.6553861657576345 3.0082216163282283
79 5.125296115875244 0.4752692970332646 1.633167241039927 3.0168594637625574
80 5.109856605529785 0.4787279697018221 1.606595329987826 3.024533462508998
81 5.097044467926025 0.48527956723832233 1.5727114413959065 3.039052948103193
82 5.089051246643066 0.4938582449202542 1.529156926898838 3.0660361609111257
83 5.083403587341309 0.5020731553551059 1.4788079685194346 3.102522624932078
84 5.077952861785889 0.5074736104765236 1.4328485387983758 3.137631117675401
85 5.072927474975586 0.5086013240444027 1.4062156097628722 3.1581112418794097
86 5.0685577392578125 0.5054894312440423 1.407509871826972 3.1555584073018093
87 5.06540584564209 0.4998378517466191 1.4323333218249292 3.133234889904382
88 5.064123630523682 0.49456988259812046 1.4636581408897227 3.1058959143955867
89 5.0635576248168945 0.4924164575290533 1.4798617260050455 3.091279658658949
90 5.062124252319336 0.4945100858028013 1.4680230716821268 3.0995910136217475
91 5.060328483581543 0.4999200340025709 1.4329015173270916 3.127506913045579
92 5.0599894523620605 0.5061775524078485 1.3932011816628482 3.160610879585505
93 5.0608015060424805 0.5104738209630568 1.3683971762369511 3.1819308032358364
94 5.061051368713379 0.5110568936267441 1.368011053182307 3.1819836063357627
95 5.060530662536621 0.5080046646858136 1.3889136446043244 3.163612309395944
96 5.060122489929199 0.5028919688870701 1.4187560812864177 3.1384745169010557
97 5.060102462768555 0.49780869728556354 1.4434064782372786 3.11888754898996
98 5.060328960418701 0.4943968618005101 1.4549132864252883 3.11101877545417
99 5.0606160163879395 0.4932411652288238 1.4544653830004304 3.112909315735152
