0 25.409549713134766
1 15.027551651000977
2 20.210512161254883
3 16.2031192779541
4 11.162212371826172
5 11.094796180725098
6 2.7742464542388916
7 4.207939624786377
8 4.595269203186035
9 3.6499056816101074
10 2.4958980083465576
11 11.251245498657227
12 10.469785690307617
13 11.370394706726074
14 12.473224639892578
15 12.385557174682617
16 11.327699661254883
17 10.514894485473633
18 10.684273719787598
19 11.391885757446289
20 11.682263374328613
21 11.242349624633789
22 10.624845504760742
23 10.48586368560791
24 10.847268104553223
25 11.165508270263672
26 11.04123306274414
27 10.654653549194336
28 10.460522651672363
29 10.619819641113281
30 10.854374885559082
31 10.843947410583496
32 10.61797046661377
33 10.463582038879395
34 10.536333084106445
35 10.688498497009277
36 10.698781967163086
37 10.562398910522461
38 10.462776184082031
39 10.507891654968262
40 10.602302551269531
41 10.602778434753418
42 10.514474868774414
43 10.460619926452637
44 10.498983383178711
45 10.55384635925293
46 10.54013729095459
47 10.481998443603516
48 10.461871147155762
49 10.495918273925781
50 10.521602630615234
51 10.499166488647461
52 10.465019226074219
53 10.466826438903809
54 10.492218971252441
55 10.496540069580078
56 10.474161148071289
57 10.460525512695312
58 10.472208976745605
59 10.484870910644531
60 10.477001190185547
61 10.462478637695312
62 10.46329116821289
63 10.473963737487793
64 10.474613189697266
65 10.464731216430664
66 10.460747718811035
67 10.466965675354004
68 10.470603942871094
69 10.465353012084961
70 10.460575103759766
71 10.463308334350586
72 10.467058181762695
73 10.464815139770508
74 10.460859298706055
75 10.461654663085938
76 10.46456527709961
77 10.46385383605957
78 10.461021423339844
79 10.460980415344238
80 10.462996482849121
81 10.46291732788086
82 10.461008071899414
83 10.460725784301758
84 10.462069511413574
85 10.462173461914062
86 10.460904121398926
87 10.460626602172852
88 10.46152400970459
89 10.461631774902344
90 10.460780143737793
91 10.460594177246094
92 10.461199760437012
93 10.461248397827148
94 10.460674285888672
95 10.460585594177246
96 10.460996627807617
97 10.460986137390137
98 10.460594177246094
99 10.460586547851562
100 10.460864067077637
101 10.460803031921387
102 10.46054744720459
103 10.460590362548828
104 10.460766792297363
105 10.460681915283203
106 10.460527420043945
107 10.460594177246094
108 10.460691452026367
109 10.460603713989258
110 10.46052074432373
111 10.460593223571777
112 10.46063232421875
113 10.460556030273438
114 10.460528373718262
115 10.460587501525879
116 10.460588455200195
117 10.460530281066895
118 10.46053409576416
119 10.460573196411133
120 10.460554122924805
121 10.460522651672363
122 10.460539817810059
123 10.46055793762207
124 10.460532188415527
125 10.460524559020996
126 10.460541725158691
127 10.460541725158691
128 10.460522651672363
129 10.460526466369629
130 10.460539817810059
131 10.460528373718262
132 10.46052360534668
133 10.460529327392578
134 10.460531234741211
135 10.460525512695312
136 10.460524559020996
137 10.460528373718262
138 10.460527420043945
139 10.46052074432373
140 10.460524559020996
141 10.460525512695312
142 10.460525512695312
143 10.46052360534668
144 10.460525512695312
145 10.460524559020996
146 10.460521697998047
147 10.46052074432373
148 10.46052360534668
149 10.460522651672363
150 10.460521697998047
151 10.460525512695312
152 10.460521697998047
153 10.460519790649414
154 10.46052360534668
155 10.460525512695312
156 10.46052360534668
157 10.46052360534668
158 10.460522651672363
159 10.460521697998047
160 10.46052074432373
161 10.460521697998047
162 10.460521697998047
163 10.460521697998047
164 10.46052360534668
165 10.46052360534668
166 10.460521697998047
167 10.460521697998047
168 10.460521697998047
169 10.46052360534668
170 10.460521697998047
171 10.46052360534668
172 10.46052074432373
173 10.460522651672363
174 10.46052074432373
175 10.46052074432373
176 10.460519790649414
177 10.460521697998047
178 10.46052074432373
179 10.460521697998047
180 10.460519790649414
181 10.460521697998047
182 10.46052074432373
183 10.460522651672363
184 10.460521697998047
185 10.460521697998047
186 10.460522651672363
187 10.460521697998047
188 10.460521697998047
189 10.460519790649414
190 10.460519790649414
191 10.46052074432373
192 10.460522651672363
193 10.460521697998047
194 10.460524559020996
195 10.460521697998047
196 10.460522651672363
197 10.460522651672363
198 10.460521697998047
199 10.460522651672363
200 10.46052360534668
201 10.460519790649414
202 10.46052074432373
203 10.460519790649414
204 10.460522651672363
205 10.460519790649414
206 10.460522651672363
207 10.460519790649414
208 10.460522651672363
209 10.46052360534668
210 10.460522651672363
211 10.460521697998047
212 10.46052074432373
213 10.460524559020996
214 10.460519790649414
215 10.460522651672363
216 10.46052074432373
217 10.460522651672363
218 10.46052074432373
219 10.46052360534668
220 10.46052360534668
221 10.460522651672363
222 10.460522651672363
223 10.460522651672363
224 10.460519790649414
225 10.460522651672363
226 10.460522651672363
227 10.460522651672363
228 10.460519790649414
