0 463.6806640625 5.130678195506334 435.7256754785776 22.824316151440144
1 34.47803497314453 3.618532430380583 23.605489965009298 7.254012938588858
2 34.42703628540039 5.366395195946097 29.06063830608582 0.0
3 6.893980503082275 2.6092887856066227 1.4950058231933094 2.7896865513175726
4 10.832025527954102 1.3512686248868704 3.321972567095827 6.158784350845963
5 13.307008743286133 0.9332889462821186 8.126722547924146 4.24699810706079
6 12.618745803833008 0.9629470543004572 7.303924234351143 4.3518740511499345
7 10.765498161315918 1.2083808416500688 4.1140251556935254 5.443093259818852
8 10.023908615112305 1.5515116481110454 1.5011683407210512 6.971228672191501
9 10.57568645477295 1.8719874024391174 0.2924692390106429 8.411229834891856
10 11.430761337280273 2.07394933141768 0.023698509561767916 9.333114428445697
11 11.20836067199707 2.112638872116804 0.027493961354398966 9.06822781637311
12 11.074798583984375 2.0012580063194036 0.04425435793727331 9.029285930097103
13 10.081266403198242 1.7864762404933572 0.21450753732983685 8.080282838083804
14 9.549882888793945 1.6003006398677826 0.7334863340583979 7.216094929724932
15 9.64635181427002 1.5023868987336755 1.4124045430653496 6.731560085900128
16 9.81576919555664 1.4225976932793856 2.0043436364503577 6.388827338814735
17 9.998112678527832 1.385461961850524 2.384155011823168 6.228495026938617
18 10.176671981811523 1.4004272669553757 2.49707328772638 6.279169590212405
19 10.244443893432617 1.4341307878494263 2.3823312305030413 6.427979066967964
20 10.242630004882812 1.479089468717575 2.1340503841929603 6.629490297287703
21 10.224372863769531 1.5310515016317368 1.8309287144511472 6.862391551956534
22 10.218446731567383 1.5846985280513763 1.5309023990121204 7.102845188230276
23 10.232340812683105 1.6343572288751602 1.2725623255246319 7.325422579422593
24 10.257660865783691 1.6747384518384933 1.0765061026031617 7.50641698949039
25 10.278027534484863 1.7016626745462418 0.9492689749895362 7.627095201984048
26 10.278453826904297 1.7126289010047913 0.8895765219931491 7.6762473955750465
27 10.251290321350098 1.7071335315704346 0.8925396404374624 7.6516163647174835
28 10.198097229003906 1.6866507530212402 0.9516371506470023 7.559809625148773
29 10.127199172973633 1.6542860269546509 1.0581643697805703 7.4147462993860245
30 10.047542572021484 1.6141912341117859 1.1983170687890379 7.235035710036755
31 9.963162422180176 1.570858508348465 1.3514912434475264 7.0408122427761555
32 9.870311737060547 1.5284272134304047 1.4906032407016028 6.851280385628343
33 9.75913143157959 1.490091472864151 1.5864876348059624 6.682552112266421
34 9.614265441894531 1.4576753228902817 1.612770809151698 6.543819157406688
35 9.423609733581543 1.4313630759716034 1.554598782749963 6.437649077735841
36 9.18635368347168 1.4096042960882187 1.410557928684284 6.366189494729042
37 8.927267074584961 1.390940553508699 1.1967341272320482 6.339592598378658
38 8.669135093688965 1.37622001580894 0.9508181566561689 6.342097867280245
39 8.424867630004883 1.3581188041716814 0.7308345074234239 6.335914466530085
40 8.168848037719727 1.3250453900545835 0.5807570661181671 6.263044621795416
41 7.848634719848633 1.2669049985706806 0.5363766441485041 6.045353516936302
42 7.479593753814697 1.1873319298028946 0.6195475878805041 5.672714274376631
43 7.160397052764893 1.098137490451336 0.8116948291664627 5.250564448535442
44 6.810846328735352 0.9900103835389018 1.0504919568167834 4.770344004966319
45 6.430030345916748 0.8846668247133493 1.242192816157744 4.303170805796981
46 6.0331807136535645 0.806669257581234 1.2476566099273123 3.978855268098414
47 5.596618175506592 0.7423803634010255 1.0372003600542885 3.817037940490991
48 5.415576457977295 0.7319902563467622 0.8196187924430023 3.8639670675620437
49 5.103351593017578 0.6600356427952647 0.804872293859542 3.6384436963126063
50 4.659626007080078 0.5334098418243229 1.025905920558331 3.100310366600752
51 4.489835739135742 0.43963596085086465 1.4636929644335441 2.5865067117847502
52 4.310451507568359 0.3674675850197673 1.688733028877021 2.2542507217731327
53 3.924077033996582 0.3081807338166982 1.5274830548297023 2.0884134171064943
54 3.731651782989502 0.2949754304718226 1.2678444500064159 2.1688319945242256
55 3.596571922302246 0.2597536041866988 1.341003795283092 1.9958142751129344
56 3.407154083251953 0.20073814212810248 1.4918941709109315 1.7145218532532454
57 3.1984105110168457 0.1338227562373504 1.6357854520377813 1.4288023217814043
58 3.069251537322998 0.0999345948221162 1.6517497207315948 1.3175672499928623
59 2.9554624557495117 0.09345192997716367 1.5168818811302032 1.3451289113727398
60 2.760805368423462 0.07936331929522566 1.329417759904718 1.3520241200458258
61 2.613312005996704 0.06666848628083244 1.208490165640682 1.338153466611402
62 2.5386722087860107 0.0648638330749236 1.1049278098651423 1.3688807965518208
63 2.359924793243408 0.04978216619929299 0.9220038753601656 1.3881387050132616
64 2.188587188720703 0.031196248666674364 0.7919003345548955 1.3654904203140177
65 2.110170364379883 0.017553477284309338 0.7721282313791523 1.3204886845724104
66 2.0214061737060547 0.007815033806259919 0.6967323574392299 1.3168589247989644
67 1.9433777332305908 0.008155747819873965 0.5167960212717417 1.418425901555358
68 1.8982738256454468 0.009621063074510161 0.34233225071021006 1.546320419828339
69 1.8226993083953857 0.0011848895901283019 0.28212183465042007 1.5393926857424098
70 1.8401942253112793 0.0051925050138814655 0.2959930685035428 1.5390085233699193
71 1.854016900062561 0.009134436318216449 0.2512807683778129 1.5936017409993437
72 1.8666962385177612 0.01376108408754817 0.17233050717186194 1.6806047165560125
73 1.8990859985351562 0.016034157478088673 0.12406855770583314 1.758983307043005
74 1.929328203201294 0.021041863564278174 0.12229118403661232 1.7859951109509016
75 1.9530582427978516 0.025903268801812374 0.15347643599488947 1.7736785122710204
76 1.9679243564605713 0.02209044556125761 0.19273464647631044 1.7530991970546426
77 1.9686981439590454 0.021102963586315582 0.21232215347686179 1.735273047412349
78 1.9412248134613037 0.026044750112760084 0.18234827454228508 1.7328317451707136
79 1.9512677192687988 0.029081241051244433 0.14544266347305812 1.7767438663629544
80 1.956504225730896 0.025459303902607644 0.14340596745853618 1.7876390114930132
81 1.93112051486969 0.021988187003671555 0.17266177679791905 1.736470564652363
82 1.90517258644104 0.02042350283795713 0.2151542147882768 1.6695948965346863
83 1.8863410949707031 0.019158611003106785 0.2172888970105339 1.649893669384916
84 1.8712968826293945 0.016387021822268366 0.18470363081357277 1.6702061876960845
85 1.8611524105072021 0.013929653180645873 0.17173555204567492 1.6754872199409558
86 1.8425925970077515 0.012339832371873527 0.20350055149054924 1.626752173232748
87 1.8290423154830933 0.01070783786746432 0.26111256079468603 1.5572218877579416
88 1.8209315538406372 0.00855189277451518 0.2795500292434152 1.5328295486950345
89 1.8110135793685913 0.006593637421275611 0.25468432660763596 1.5497355714905796
90 1.805261254310608 0.005303661504004964 0.24863374639286875 1.5513238442944282
91 1.799837589263916 0.004507000232205627 0.2813002582441587 1.5140302967929604
92 1.7985931634902954 0.0035786089114582254 0.3208197078392079 1.4741947998893659
93 1.798081636428833 0.0029631672675232146 0.32628467165928854 1.4688338508453254
94 1.7951793670654297 0.0026129653918660622 0.3065546091900426 1.486011785988751
95 1.7937991619110107 0.0019412290099221075 0.30140815993336445 1.4904498967630517
96 1.7926208972930908 0.0014348801297440206 0.31786196807855394 1.4733241631698837
97 1.789937973022461 0.0010727324448254194 0.33774014983599754 1.4511249818405103
98 1.7882130146026611 0.0008905235048564109 0.3435432965993057 1.4437791633708843
99 1.786379337310791 0.0008160269237721396 0.33165154290617205 1.453911779092449
100 1.7834711074829102 0.0006368901034097263 0.3181711703619121 1.4646631988868042
101 1.779836654663086 0.0004040238504261495 0.31780685994216595 1.461625853279405
102 1.7771483659744263 0.00027370140546889576 0.32671999272839203 1.4501547093287908
103 1.7750930786132812 0.00022985840460698626 0.32889027115392666 1.4459729682609344
104 1.7716768980026245 0.0002610116267658391 0.31363202443730887 1.4577839761523435
105 1.7688171863555908 0.00028442982738344225 0.29692863156615834 1.4716040895763924
106 1.7664772272109985 0.00019322051821291097 0.29785315947345203 1.4684309491152518
107 1.7647490501403809 9.963433322468518e-05 0.31308716776357176 1.4515620922111339
108 1.762651801109314 8.901565973928882e-05 0.3189351319762353 1.4436278132574785
109 1.7606345415115356 0.00010955421191738424 0.3107730288590589 1.4497518726645353
110 1.7595326900482178 0.00013162101072339283 0.2993550424125577 1.4600460127100519
111 1.7582124471664429 0.00012768694386977586 0.29586910089485596 1.4622156286653194
112 1.7566722631454468 0.0001048563693188953 0.29803967235169115 1.4585278231518828
113 1.755507469177246 9.316315913565631e-05 0.2959022714578885 1.4595117734727978
114 1.754440188407898 9.204740848645088e-05 0.2878406499130405 1.4665077044486452
115 1.7532528638839722 9.146385320946138e-05 0.2845003246027155 1.4686612071299123
116 1.7521826028823853 9.020955167216016e-05 0.29330005566436057 1.458792482518561
117 1.7515180110931396 8.404755408264464e-05 0.3059206592511205 1.4455135043145333
118 1.7507604360580444 7.38505750632612e-05 0.30352356356875554 1.4471629221469584
119 1.749585509300232 6.006692183291307e-05 0.2895377929022481 1.4599876476023042
120 1.7489311695098877 4.238173778503551e-05 0.2816977780945836 1.4671907351449534
121 1.7482881546020508 2.504797771507583e-05 0.2881088071161739 1.4601544315210475
122 1.7477749586105347 1.3573604519478977e-05 0.29385778405226526 1.4539034688984884
123 1.7470835447311401 7.983754585438874e-06 0.29095996757365417 1.4561156343316384
124 1.7462457418441772 5.270301642212871e-06 0.28482409777145967 1.4614163353987486
125 1.745575189590454 3.108668437334927e-06 0.2837786197372746 1.4617935753226714
126 1.745059609413147 1.056234395946376e-06 0.2951905617112396 1.449867659526653
127 1.744573712348938 5.426316640466666e-08 0.2971972139286905 1.4473766589013386
128 1.7438163757324219 3.652133884202158e-07 0.28866475862622964 1.4551511622599573
129 1.7432982921600342 2.5523414421968482e-06 0.2860703136685607 1.4572254964810956
130 1.7428075075149536 6.939610898371029e-06 0.29216658484886715 1.4506338631746716
131 1.7423017024993896 1.1544448057065892e-05 0.2964270566581818 1.4458629154612233
132 1.7416177988052368 1.3913406519350247e-05 0.29275219957686893 1.4488518103083265
133 1.7410682439804077 1.4464046671491815e-05 0.2886825842680629 1.452371033953682
134 1.740465760231018 1.4997721791587537e-05 0.29029122120598666 1.450159467704836
135 1.7397916316986084 1.621239357518789e-05 0.29192919847566756 1.447846109270003
136 1.7390841245651245 1.8105988146999152e-05 0.29100127592092195 1.4480649212818983
137 1.7383108139038086 2.0426920400495874e-05 0.29017981136149407 1.4481105466160908
138 1.7377036809921265 2.2377447066901368e-05 0.2910226613365715 1.446658336359722
139 1.7370909452438354 2.275513111271721e-05 0.2928448178020985 1.4442231555961698
140 1.7363691329956055 2.083973140543094e-05 0.2936122451583616 1.4427360418119761
141 1.7357192039489746 1.7355229374516057e-05 0.29428300282120873 1.4414186099483572
142 1.7350794076919556 1.371942835248774e-05 0.2932118521406003 1.4418537572927335
143 1.7343204021453857 1.1183588981111825e-05 0.29502997114505614 1.4392792910603447
144 1.7335238456726074 9.677056254986383e-06 0.29760514783643033 1.4359089611789528
145 1.732778549194336 8.584147849433066e-06 0.29713348348442636 1.435636180399129
146 1.7319777011871338 7.5818636560143204e-06 0.2964808021481484 1.4354893506209123
147 1.7311251163482666 6.427428957067605e-06 0.2962824001207057 1.4348366258781056
148 1.7303228378295898 5.031912621689116e-06 0.2943308438235162 1.4359870250194504
149 1.7294518947601318 3.681188729842688e-06 0.2961559275230008 1.4332923433400069
150 1.7284938097000122 2.429334216458301e-06 0.2984882463065742 1.4300030738157776
151 1.727519154548645 1.4058528847726848e-06 0.297373342995086 1.430144606044856
152 1.7265406847000122 8.151225188157696e-07 0.2979805541883549 1.4285592001378182
153 1.7255825996398926 5.355907291004769e-07 0.29830995962489404 1.4272721619341837
154 1.7245838642120361 4.154166788339353e-07 0.29861088397810687 1.4259725291931744
155 1.723609209060669 3.431176338608566e-07 0.30238735369427716 1.4212215372855335
156 1.7225724458694458 1.9994796929267977e-07 0.2983399147367821 1.4242327777864088
157 1.7215430736541748 1.1124002519125042e-07 0.2972967110651169 1.4242464705339881
158 1.7204779386520386 8.098220405372558e-08 0.30138842434519386 1.4190894021035874
159 1.7194286584854126 4.909349904380633e-08 0.30076860727022936 1.4186601866016813
160 1.7183912992477417 3.580897889321477e-08 0.29375876436953274 1.4246324954825778
161 1.7172619104385376 1.1918734799110098e-07 0.2973201410160683 1.419941857426032
162 1.7162091732025146 2.8780540617390216e-07 0.30376412158245425 1.4124444543175132
163 1.7150368690490723 3.1836790981287777e-07 0.3005131723521356 1.4145232094300209
164 1.7139623165130615 2.927317552803288e-07 0.2942798226660456 1.41968213530728
165 1.7127885818481445 4.450345088002905e-07 0.2991712741523256 1.4136168958316033
166 1.7116230726242065 6.891270842857011e-07 0.30468314595509155 1.4069389874286755
167 1.7103612422943115 8.103976085749309e-07 0.30109319039908 1.409267426392729
168 1.7091846466064453 9.875943760562222e-07 0.2981089115606599 1.411074826518174
169 1.7079293727874756 1.432020141578505e-06 0.3050246908159773 1.40290346026564
170 1.7067489624023438 1.7676625532203616e-06 0.3060562413399043 1.4006909106844585
171 1.705527901649475 1.920881828709753e-06 0.2993699195560964 1.4061558879796419
172 1.7043061256408691 2.425859321419921e-06 0.2980989623391469 1.4062045243610282
173 1.7029379606246948 3.371764307757985e-06 0.3051381103398455 1.3977966235315655
174 1.7016351222991943 3.912348631729401e-06 0.31101567737840585 1.3906158288118498
175 1.7001721858978271 3.481367741642316e-06 0.30545110895313055 1.3947178726738718
176 1.6987113952636719 3.125599647546551e-06 0.3068826015563786 1.3918258255909262
177 1.6973720788955688 3.1372419186936895e-06 0.31152981655717016 1.3858388806342834
178 1.6960006952285767 3.3150816989291343e-06 0.31039648766327377 1.385600881302758
179 1.6944925785064697 3.7930649909867498e-06 0.30870223606534397 1.3857864280649856
180 1.6931862831115723 4.5514416342484765e-06 0.30997703369125384 1.3832045876168308
181 1.691865086555481 5.096907045754051e-06 0.31173651578811057 1.3801234285837358
182 1.6905500888824463 4.982755967830599e-06 0.3084670558540661 1.3820780222929763
183 1.689305305480957 4.703034278463747e-06 0.30843178761125467 1.3808689711687236
184 1.6880593299865723 4.506353548094921e-06 0.31569026564267233 1.3723644028606543
185 1.6866424083709717 3.918306049399689e-06 0.3174013230383226 1.369237293145332
186 1.6854314804077148 3.234166342735989e-06 0.31215057925359935 1.3732775562777135
187 1.684301733970642 3.2235466846941563e-06 0.31532278921060974 1.3689755637608099
188 1.6831562519073486 3.5486855267663486e-06 0.317224107420527 1.3659283852618618
189 1.6821216344833374 3.817645506387635e-06 0.32934251909379986 1.3527753148904083
190 1.681054949760437 2.941119646493462e-06 0.32575457145040976 1.3552973995387703
191 1.6801371574401855 1.9836696765196393e-06 0.31726952129899383 1.362865621168375
192 1.6789829730987549 1.916093651743722e-06 0.323945433395588 1.3550353330205667
193 1.6781450510025024 2.129651079485484e-06 0.3316373104863416 1.3465056413580712
194 1.6772003173828125 1.9508252933064796e-06 0.3284650876795128 1.3487330926344718
195 1.6761258840560913 1.6776604638835124e-06 0.3237098743784991 1.3524142710318738
196 1.6749995946884155 1.6710232273453585e-06 0.33025214402646885 1.3447458150362959
197 1.6741571426391602 1.4906550660498397e-06 0.3425186331104314 1.3316368678860258
198 1.6731120347976685 7.660496237349435e-07 0.3346776111572125 1.338433544156628
199 1.6721352338790894 4.263401365278696e-07 0.32832739323714183 1.3438074566236864
200 1.6711878776550293 6.079854699692078e-07 0.3362563931979332 1.3349312083378049
201 1.6705360412597656 8.780049682854951e-07 0.34403800613023605 1.3264971706293167
202 1.6696652173995972 7.253217688685254e-07 0.33264837567257866 1.33701599468624
203 1.6687906980514526 6.879242206991876e-07 0.33116436085258405 1.3376255698531696
204 1.667876958847046 7.768230716465041e-07 0.34543075175292326 1.322445364115083
205 1.6670609712600708 4.2619455342673973e-07 0.3451077697532905 1.3219526847879344
206 1.6662250757217407 1.1597551718978139e-07 0.33688583180468634 1.3293391867640127
207 1.665244698524475 1.1168677183093223e-07 0.34233624354672954 1.3229083756454347
208 1.6642577648162842 2.1934454252914293e-07 0.3499755029116828 1.3142817910823545
209 1.6631755828857422 2.1814501138806008e-07 0.3410659448196266 1.322109341918361
210 1.6622314453125 2.939396424039842e-07 0.3366178179097121 1.325613202978861
211 1.6611783504486084 5.330638899181395e-07 0.3464731225986307 1.3147047691025442
212 1.6601675748825073 4.5138003201827814e-07 0.34683051018382094 1.3133365271244912
213 1.659132719039917 1.8700097115242897e-07 0.3428558267140137 1.3162769731196455
214 1.6581300497055054 9.206304518727393e-08 0.34434034673358516 1.313789803714223
215 1.657116413116455 1.1314487835534237e-07 0.34925016089874805 1.3078662642659316
216 1.65598726272583 1.4629062405902005e-07 0.3453645214461901 1.3106227588116464
217 1.6550135612487793 2.577647535417782e-07 0.34205703863086045 1.3129560761407273
218 1.654007911682129 5.114680021733875e-07 0.3458024488361935 1.308204970166166
219 1.653275728225708 6.138249588616418e-07 0.34627602969964133 1.306999327618886
220 1.652625560760498 4.6458586666631163e-07 0.34327152676801354 1.3093536362129896
221 1.6518378257751465 3.5159544964358247e-07 0.34520199608786106 1.3066353894921559
222 1.651118278503418 3.172363705061798e-07 0.34531440548222325 1.3058035371825767
223 1.650679349899292 3.799831347350846e-07 0.3445996176089806 1.3060792942025996
224 1.6502207517623901 5.50629060569463e-07 0.3456186241188516 1.3046017523471996
225 1.6497422456741333 7.316032295534569e-07 0.3451971356166624 1.3045443083192616
226 1.649228811264038 8.314119099850359e-07 0.34544421963191074 1.3037837669577073
227 1.648669719696045 7.81350621537058e-07 0.3474129042440811 1.301255954960837
228 1.6481114625930786 5.981137718436003e-07 0.34486409771997245 1.3032469759254823
229 1.64751136302948 5.551063750885987e-07 0.3444068780252818 1.303104096488095
230 1.6469247341156006 6.893122588280676e-07 0.3472961006992876 1.2996276757003926
231 1.646344542503357 8.032860705498024e-07 0.346462690376241 1.2998810671139154
232 1.6457637548446655 8.662376558277174e-07 0.34343743634945334 1.302325558539522
233 1.6452338695526123 9.887028369348627e-07 0.3459500551874435 1.2992830772797248
234 1.6447315216064453 9.708221284654428e-07 0.347718508962096 1.297012110108783
235 1.6441912651062012 7.795774124019772e-07 0.34493726522771384 1.2992531314048787
236 1.6436830759048462 7.122752947452682e-07 0.3448021006387134 1.298880151168392
237 1.643211007118225 8.033859941747323e-07 0.34725515171590404 1.2959551703021295
238 1.6427805423736572 8.748731659125042e-07 0.3461482570719481 1.2966315114212126
239 1.6423916816711426 9.322096303776561e-07 0.3436939193894457 1.298697029533396
240 1.642033576965332 1.062546942875997e-06 0.34640101530699374 1.2956313022495056
241 1.6417012214660645 1.0416162012916175e-06 0.34699308093796716 1.2947074275563795
242 1.6413558721542358 8.843902321586938e-07 0.34430305136715017 1.2970519601030368
243 1.6409693956375122 8.576449204156233e-07 0.34610304530236735 1.2948655754317642
244 1.6406238079071045 8.886949558473134e-07 0.34825771007272444 1.2923652851943999
245 1.6402068138122559 8.579547881026883e-07 0.3443735216880793 1.2958324690486105
246 1.639750599861145 9.754421910201927e-07 0.346841124616759 1.292908762488036
247 1.6393312215805054 1.0458312971195483e-06 0.3486295422668577 1.290700450711343
248 1.6389375925064087 9.380325565189196e-07 0.34389909980991834 1.295037599978441
249 1.638505458831787 9.759929895380992e-07 0.34838269519790244 1.2901220305971233
250 1.638092279434204 9.209391009790124e-07 0.34830125575762627 1.2897901558564797
251 1.6377207040786743 8.331413496875939e-07 0.34506751287183646 1.2926523979259548
252 1.6374180316925049 9.200832096212253e-07 0.3495090865957 1.2879080481040504
253 1.6371949911117554 9.096308701828093e-07 0.3486409852217375 1.2885532917933524
254 1.6369802951812744 8.678990042199075e-07 0.3466235898955492 1.2903559359839267
255 1.6367050409317017 9.177315973829536e-07 0.34941854021244223 1.2872856730944804
256 1.6364080905914307 8.790501624389435e-07 0.3500377778997458 1.2863695784144085
257 1.6360536813735962 7.674166226934176e-07 0.3476149819946335 1.2884378940923966
258 1.635706901550293 7.67709728677346e-07 0.35101879672275565 1.2846870874523342
259 1.635359525680542 7.049536137060386e-07 0.35162836586063984 1.2837300671850143
260 1.6350153684616089 6.02087389722783e-07 0.3488819252067953 1.2861329067498142
261 1.6346631050109863 6.336394307027149e-07 0.3514635673951826 1.283198480470391
262 1.6342222690582275 6.421000122713849e-07 0.35236239323386775 1.2818589193435246
263 1.6337523460388184 5.699933041114491e-07 0.3494135398194246 1.2843383620522726
264 1.6333602666854858 5.733657886253241e-07 0.35225617704650813 1.2811037821888909
265 1.632989764213562 5.162640874800672e-07 0.35372141673595214 1.279267977074014
266 1.6326563358306885 3.8550206227228045e-07 0.3504536384909177 1.2822023068564476
267 1.6322494745254517 3.7354922710619576e-07 0.3538335848979033 1.2784154687127955
268 1.6317923069000244 3.506703727396143e-07 0.3538731001002001 1.2779188229459015
269 1.6313167810440063 3.159814809805539e-07 0.3514358008332753 1.2798805065352603
270 1.6306405067443848 3.477051677691634e-07 0.3538966568291998 1.2767433303793112
271 1.6299066543579102 3.2762027046828734e-07 0.3540740521275275 1.2758321536737727
272 1.629143238067627 2.574817692391207e-07 0.35192531250532433 1.2772175695230665
273 1.6282193660736084 2.37243057199521e-07 0.35436952373311503 1.2738495366350264
274 1.6272647380828857 2.035541726286283e-07 0.35431028499015904 1.2729543235827205
275 1.6262567043304443 1.791291381891824e-07 0.352404544094586 1.2738522420891232
276 1.625383734703064 2.1617038825638701e-07 0.35422827415799996 1.2711549824731752
277 1.624456763267517 2.4127929521000624e-07 0.35469529580147074 1.2697609284055238
278 1.6234629154205322 2.257092646118508e-07 0.35157651349283103 1.2718859101972058
279 1.6224894523620605 2.6334281955087135e-07 0.35444887171477835 1.2680401165618527
280 1.6215009689331055 2.543228596607605e-07 0.3546609256788069 1.2668396341014425
281 1.6204441785812378 2.2075687766687224e-07 0.3514964101957354 1.2689473771700772
282 1.6194043159484863 2.859539094401953e-07 0.3551361843994532 1.2642676377214066
283 1.6185088157653809 3.206370067232456e-07 0.35542098414945755 1.2630873684621964
284 1.6178133487701416 3.1667137179169913e-07 0.35276355199910503 1.265049287661748
285 1.61721670627594 3.928759184645969e-07 0.3563548634949303 1.2608613956473533
286 1.6166563034057617 4.0577069171376934e-07 0.35467593368423356 1.2619799463045211
287 1.6161777973175049 4.3762663182178585e-07 0.3553208269152066 1.260856569092038
288 1.6156929731369019 4.840919132220733e-07 0.35679270738030366 1.2588998019240636
289 1.6151237487792969 4.910216091502662e-07 0.3561997295580097 1.258923612623062
290 1.6145329475402832 5.08839647750392e-07 0.35729413637389484 1.257238480983107
291 1.6139659881591797 5.165846488353054e-07 0.356914274293604 1.2570514085752604
292 1.6136090755462646 5.456755047816841e-07 0.35640364349091924 1.2572050563556036
293 1.613157868385315 6.063345665552333e-07 0.35736496253849526 1.2557925422076277
294 1.6126354932785034 6.268230379191664e-07 0.3582466237127767 1.2543879824428306
295 1.6120545864105225 5.683107673348786e-07 0.3572287129752014 1.2548254236926724
296 1.6114729642868042 5.218878627033519e-07 0.3586908796357007 1.2527816186717526
297 1.6109338998794556 4.665641455403602e-07 0.3584168535538037 1.252516632034526
298 1.6103324890136719 4.5093064926504667e-07 0.3575859209814781 1.2527461256658081
299 1.6098462343215942 4.950932108727102e-07 0.3602655362237859 1.249580164810766
300 1.6094207763671875 4.494342817906727e-07 0.36041117107415277 1.2490091969343844
301 1.6089123487472534 3.5133101761175567e-07 0.35905494505531865 1.2498569090334675
302 1.608346939086914 3.0800907779848785e-07 0.36164512581276453 1.2467013746175652
303 1.6076313257217407 2.482857368590885e-07 0.35828887031847034 1.2493420697940723
304 1.606806755065918 2.8798491058523723e-07 0.36092225132423783 1.245884121427241
305 1.6059828996658325 2.939396424039842e-07 0.3597377661889455 1.2462446851669862
306 1.605169415473938 2.7193814133852356e-07 0.35966111051939575 1.2455079001487337
307 1.604382038116455 2.331331572236195e-07 0.3602098107467503 1.2441717474676155
308 1.6036200523376465 1.8966252568475284e-07 0.3595832572026243 1.244036749965192
309 1.6029016971588135 1.8297234305464372e-07 0.36083448788930095 1.242067294762382
310 1.6022218465805054 1.8613400065703445e-07 0.36059521924014604 1.2416265855997182
311 1.6014869213104248 2.0486433349731215e-07 0.36110534499094493 1.2403816435760575
312 1.6005898714065552 2.12556425793764e-07 0.3604663516440645 1.2401232376669982
313 1.5996947288513184 2.236478735540004e-07 0.36058590291929815 1.2391085200030503
314 1.598807692527771 2.3610383337313579e-07 0.36135487083634216 1.2374523540860358
315 1.5980125665664673 2.3221874911882878e-07 0.361046384895684 1.2369657878347893
316 1.5972521305084229 2.3991189834760007e-07 0.3626842537564983 1.2345674836265816
317 1.5964977741241455 2.3248750835591636e-07 0.3616095145319621 1.2348878867496627
318 1.5957791805267334 2.6696023880390385e-07 0.36297657190081833 1.2328020783738751
319 1.5951035022735596 2.9539238965980985e-07 0.36329538323991717 1.231807557570321
320 1.5944756269454956 3.103652659319778e-07 0.3622675036592118 1.2322076033048734
321 1.5938856601715088 3.563056623079319e-07 0.3634547741165024 1.2304303773551215
322 1.5933003425598145 3.771701031496377e-07 0.36452673365300875 1.2287730583081191
323 1.5928202867507935 3.49350948170013e-07 0.363070456669105 1.2297494202062862
324 1.5923848152160645 3.6899690769587323e-07 0.3660272780204692 1.2263571113056377
325 1.592078685760498 3.367462966252788e-07 0.3642839247864741 1.2277943454805627
326 1.5918360948562622 3.523893425949609e-07 0.36640326711640303 1.2254323426555485
327 1.5916372537612915 3.417473273259475e-07 0.3649345042771842 1.226702344205721
328 1.591498851776123 3.585723717947076e-07 0.3675789419708272 1.2239194910332363
329 1.5914024114608765 3.0449165677737255e-07 0.3661628937716994 1.2252391499323498
330 1.5912885665893555 2.70254410850157e-07 0.36757408463558183 1.2237140878161346
331 1.5911704301834106 2.2592122306264173e-07 0.36820627585459387 1.2229637689711155
332 1.591090202331543 1.7738717694726347e-07 0.3682633063471439 1.2228268422862891
333 1.5909860134124756 1.4420821869975953e-07 0.3680690826853654 1.2229168991532837
334 1.5908162593841553 1.2760794021460242e-07 0.3683566038950105 1.2224596928155953
335 1.590606451034546 1.0894609658862464e-07 0.36894366858839966 1.2216626981109613
336 1.590431809425354 7.653882327929296e-08 0.3692551358706555 1.2211767907774673
337 1.5902512073516846 4.118803076380573e-08 0.36841395626348505 1.2218372754061324
338 1.5900205373764038 2.4703495693501054e-08 0.3708828101326289 1.219137620436597
339 1.5897510051727295 6.058137103082117e-09 0.36779884634743354 1.2219522838426657
340 1.5894681215286255 6.994405055138486e-09 0.3702447878999008 1.2192233893085964
341 1.5892161130905151 3.525879588295311e-09 0.3709188631735474 1.218297250095544
342 1.5889586210250854 1.989799436330486e-10 0.36788231588107345 1.2210763989963742
343 1.588671326637268 1.8205348339961347e-10 0.3730446250030428 1.2156267124955806
344 1.5883452892303467 1.1917732578581308e-08 0.36917098882409716 1.2191743023837422
345 1.5879870653152466 1.4382986801564357e-08 0.37050072298247444 1.2174863366914992
346 1.5875928401947021 9.772051168255302e-09 0.37197136045164225 1.2156215988556371
347 1.5871567726135254 1.5114209883648755e-08 0.3690396391346519 1.218117216210482
348 1.5866178274154663 8.878542345769347e-09 0.3723799930954297 1.214237747440945
349 1.5860180854797363 1.9273782569939613e-08 0.37085538127836515 1.215162594962718
350 1.585347294807434 2.924124187231314e-08 0.371861597878534 1.2134856195307768
351 1.5845990180969238 3.336230491868264e-08 0.37218901811613503 1.2124099546653522
352 1.583726167678833 2.9489655162251438e-08 0.3709087169908485 1.2128175482673882
353 1.5827351808547974 1.2003098515123156e-08 0.3730045228114244 1.2097305614213414
354 1.5816701650619507 9.49841449937594e-09 0.37155861870000007 1.2101114637313426
355 1.5804551839828491 7.701542514837456e-09 0.3725593519272201 1.207895682415438
356 1.5790868997573853 9.239379039627238e-09 0.37324697650936367 1.2058399786025173
357 1.577589988708496 1.0998813859686152e-08 0.3727211539612807 1.2048688852287683
358 1.5759479999542236 4.11830880509001e-09 0.3741328580696278 1.2018153061018606
359 1.574070692062378 5.225597732305687e-10 0.37406484306626875 1.2000057934633168
360 1.5719579458236694 4.186975210984656e-10 0.37369323843929503 1.1982648354857806
361 1.5696775913238525 5.093170329928398e-09 0.37725236675027096 1.1924251202362939
362 1.5671138763427734 1.1116565445945525e-09 0.3741350606216445 1.1929790011796562
363 1.5642281770706177 6.6718075508731545e-09 0.37863887110398 1.1855892823814842
364 1.5611076354980469 9.422492563970764e-09 0.3779546327051221 1.1831529978867326
365 1.5578804016113281 1.946000161012762e-08 0.3778720847169753 1.1800082220032926
366 1.5550787448883057 4.9812626468082044e-08 0.38209164790251043 1.172987117768137
367 1.552553415298462 4.711259959933045e-08 0.3788437034613405 1.1737097090672335
368 1.5501000881195068 8.129984330196294e-08 0.3858136959542633 1.1642864790282466
369 1.547993540763855 5.7238107586954357e-08 0.38190226889938483 1.1660913508863073
370 1.5459483861923218 8.864429190680312e-08 0.38625755748469426 1.1596908988739525
371 1.5437352657318115 1.1157499812952665e-07 0.38839194957931655 1.155343184562648
372 1.5411323308944702 9.828888636320698e-08 0.38422184881548427 1.156910463141541
373 1.5380990505218506 1.6525037338510629e-07 0.3921802990297721 1.1459186373873047
374 1.5351803302764893 1.0879892187176665e-07 0.3867797940621477 1.1484004925461928
375 1.5325119495391846 1.2096479728995746e-07 0.39077681703944167 1.1417351723519302
376 1.530083179473877 1.2594039944247015e-07 0.39396890723557954 1.1361141275853965
377 1.528370976448059 8.48024299671124e-08 0.39019684993445114 1.1381741885074437
378 1.5271871089935303 1.276477803457965e-07 0.3975713434703291 1.1296156894952887
379 1.5259541273117065 9.182635452020804e-08 0.3960159412980463 1.1299382218752436
380 1.5246639251708984 6.4328009585779e-08 0.39576503382830086 1.1288989581798257
381 1.5237994194030762 7.237071741883483e-08 0.40192823047287357 1.1218712604617682
382 1.522965669631958 2.5391754476800088e-08 0.39726577797153806 1.1256999609976837
383 1.5220844745635986 2.5784174795262516e-08 0.4033521288960581 1.11873226742091
384 1.521041750907898 6.763201110260297e-09 0.4020330038234011 1.1190086560567063
385 1.5201727151870728 1.7905676941154525e-12 0.4029626745651953 1.117210247560216
386 1.519498348236084 5.1810853385347855e-09 0.4059477638250809 1.1135508126297053
387 1.5187703371047974 3.803714143657544e-08 0.4030932548982521 1.115677158726276
388 1.5179665088653564 5.364154098685958e-08 0.4079092580826559 1.110057149219441
389 1.5171303749084473 1.2115878789131784e-07 0.40465955133228015 1.1124706796580837
390 1.5163629055023193 1.6556783855037338e-07 0.4066128381951849 1.1097500569364782
391 1.5158685445785522 2.314134164294046e-07 0.4077178247172376 1.1081502531172216
392 1.5155915021896362 3.508024519760511e-07 0.40585087917438045 1.1097402638308438
393 1.5153013467788696 4.080469011569221e-07 0.40871607409057104 1.1065848903985085
394 1.5150175094604492 5.118668013892602e-07 0.406901477946747 1.108115722447451
395 1.5146582126617432 5.512084086944924e-07 0.407825096835979 1.1068326059095792
396 1.514182448387146 5.811602292737916e-07 0.4073482326367107 1.1068337465100395
397 1.513710856437683 6.067688289590478e-07 0.40786376122733703 1.105846701016711
398 1.5133724212646484 6.511565047162549e-07 0.40667962029880744 1.1066920741735071
399 1.5130393505096436 6.300053243535331e-07 0.4084383805336488 1.104600165998681
