0 114.29318237304688 10.85469452291727 103.43848929833621 0.0
1 152.460205078125 0.5175369574401412 149.46044390928 2.482241606793961
2 27.163471221923828 0.4044066001661122 25.009693758562207 1.7493712805444375
3 10.450250625610352 1.5090457070618868 2.2013684500707313 6.739835628308356
4 2.8195698261260986 2.512584300711751 0.3069854738751019 0.0
5 5.872985363006592 3.185289876535535 2.6876957448548637 0.0
6 7.589184284210205 3.45524138212204 4.133943184046075 0.0
7 7.697794437408447 3.470385253429413 4.2274077294860035 0.0
8 6.499931812286377 3.296021908521652 3.2039095170330256 0.0
9 4.70106315612793 2.991401493549347 1.709661981149111 0.0
10 3.102421283721924 2.623979866504669 0.4784429019491654 0.0
11 2.2555947303771973 2.254824638366699 0.0007705065043239756 0.0
12 10.944164276123047 1.929983675479889 0.36371615511598065 8.650462545454502
13 10.46072006225586 1.619459941983223 1.5826116289827041 7.258650811389089
14 10.887337684631348 1.363067016005516 3.4148091031238437 6.109461089596152
15 11.765172004699707 1.1818508356809616 5.286097310017794 5.297224281355739
16 12.499178886413574 1.081968292593956 6.567672541132197 4.849536454305053
17 12.679557800292969 1.06092569231987 6.8634127685800195 4.755220513790846
18 12.255478858947754 1.1122933775186539 6.1577279306948185 4.985457817092538
19 11.49623966217041 1.226776659488678 4.770871188957244 5.498588241636753
20 10.800018310546875 1.390323355793953 3.1780630629509687 6.231627898290753
21 10.471447944641113 1.5818701088428497 1.799408394144848 7.090167809277773
22 10.57999324798584 1.7735120952129364 0.8573484976659529 7.949134569615126
23 10.958051681518555 1.934515655040741 0.3527615139319096 8.670775525271893
24 11.324131965637207 2.038285553455353 0.1499592223626678 9.135887034237385
25 11.451295852661133 2.0694179832935333 0.10644973403032054 9.275427032262087
26 11.282369613647461 2.0276212990283966 0.16666023824654985 9.088088322430849
27 10.934806823730469 1.926896572113037 0.37128269992535934 8.636625707149506
28 10.608758926391602 1.7907896935939789 0.7913920282007894 8.026575233787298
29 10.462906837463379 1.6459149867296219 1.4397620435920544 7.377226101234555
30 10.530828475952148 1.5161395072937012 2.219137836364098 6.7955538630485535
31 10.7197265625 1.4189807623624802 2.9406695772195235 6.3600744884461164
32 10.882455825805664 1.3645055294036865 3.402042652014643 6.115908712148666
33 10.912083625793457 1.3559082448482513 3.4788028604816645 6.077374454587698
34 10.799365043640137 1.3905392736196518 3.17623024340719 6.232595672830939
35 10.623479843139648 1.4605786353349686 2.616377843078226 6.546522097662091
36 10.490609169006348 1.5534888058900833 1.9741644500754774 6.962958754971623
37 10.464822769165039 1.6530057489871979 1.4028111071093008 7.409007910639048
38 10.534489631652832 1.7413995862007141 0.9878908641985618 7.805201716721058
39 10.630730628967285 1.8029309511184692 0.7468010211596265 8.080994084477425
40 10.67953872680664 1.8274871706962585 0.6609926017699763 8.191058568656445
41 10.650026321411133 1.8129945993423462 0.7109322598262224 8.126100793480873
42 10.567767143249512 1.765566110610962 0.8886807737872005 7.913519531488419
43 10.48941707611084 1.697430580854416 1.1838617036119103 7.608126353472471
44 10.460538864135742 1.6235374510288239 1.5600762702524662 7.276926789432764
45 10.486837387084961 1.5580968260765076 1.945131725515239 6.983612559735775
46 10.53635025024414 1.512007549405098 2.2473112726584077 6.7770338375121355
47 10.566913604736328 1.4915390610694885 2.390080312616192 6.685291148722172
48 10.556663513183594 1.4980149269104004 2.3443294793833047 6.71431690454483
49 10.516048431396484 1.5281151235103607 2.1387021261034533 6.849230285733938
50 10.47543716430664 1.5745956599712372 1.8432799709262326 7.057562690228224
51 10.460548400878906 1.6274931281805038 1.538397425902076 7.29465669952333
52 10.474809646606445 1.6758879274129868 1.2873542631859891 7.511569103226066
53 10.500380516052246 1.7101565897464752 1.1250563460635021 7.665166143327951
54 10.514365196228027 1.72411447763443 1.0625220637302846 7.727727390825748
55 10.506377220153809 1.716393381357193 1.0968617460457608 7.693120334297419
56 10.484182357788086 1.6905077546834946 1.216576196893584 7.577097257599235
57 10.46502685546875 1.653645783662796 1.3995023746974766 7.411876637488604
58 10.461174964904785 1.6146568655967712 1.609399252338335 7.2371227368712425
59 10.471427917480469 1.5819079726934433 1.799182579270564 7.090337520465255
60 10.484143257141113 1.5616027265787125 1.9232135050697252 6.999326506629586
61 10.48787784576416 1.5568003803491592 1.9532742112642154 6.977801704779267
62 10.480175971984863 1.567156508564949 1.888798208674416 7.024219350889325
63 10.468038558959961 1.5892442762851715 1.7555768846068531 7.123219881206751
64 10.460883140563965 1.6173876523971558 1.5941379475407302 7.249362513422966
65 10.46268367767334 1.644917070865631 1.4450084895361215 7.372753299772739
66 10.469645500183105 1.6656807512044907 1.3381468912120908 7.465819081291556
67 10.474569320678711 1.6754545271396637 1.2894882034743205 7.509626541286707
68 10.473176956176758 1.6728865653276443 1.3021722598932683 7.498116569593549
69 10.46712875366211 1.6596468389034271 1.368708746158518 7.438774224370718
70 10.461695671081543 1.639795646071434 1.4721029868815094 7.349798342213035
71 10.460785865783691 1.618573635816574 1.587534557620529 7.254678260535002
72 10.463920593261719 1.601038709282875 1.686799714807421 7.176084214821458
73 10.467362403869629 1.5909134149551392 1.745745615917258 7.130701199173927
74 10.467781066894531 1.5898772180080414 1.7518452886724845 7.1260568164289
75 10.465028762817383 1.5973773896694183 1.707975355675444 7.159673657268286
76 10.461718559265137 1.6109131425619125 1.6304637322900817 7.220342835411429
77 10.460533142089844 1.6267396062612534 1.5425131536903791 7.291279306635261
78 10.461870193481445 1.6408173441886902 1.466673361719586 7.354377739131451
79 10.463890075683594 1.6498211175203323 1.419337817642372 7.394733937457204
80 10.464499473571777 1.6519409716129303 1.4083241543266922 7.404235426336527
81 10.46321964263916 1.6472462713718414 1.4327817133744247 7.3831931091845036
82 10.461359024047852 1.6375320553779602 1.484172678901814 7.339652605354786
83 10.460522651672363 1.6257106065750122 1.5481443479075097 7.286667183041573
84 10.461140632629395 1.6149635314941406 1.6076810867525637 7.238497257232666
85 10.462265968322754 1.607907921075821 1.6474889204255305 7.206873003393412
86 10.462678909301758 1.6059933453798294 1.6583916282979771 7.198291601613164
87 10.462014198303223 1.6092435866594315 1.6399091226048768 7.212859647348523
88 10.46098804473877 1.6163746118545532 1.5997895863256417 7.244821920990944
89 10.46052360534668 1.6251951158046722 1.5509708350873552 7.28435667976737
90 10.4608736038208 1.633252814412117 1.5071470307884738 7.320472436025739
91 10.4614896774292 1.6384819895029068 1.479099960415624 7.3439103458076715
92 10.461686134338379 1.6397399455308914 1.4723999981652014 7.349548684433103
93 10.46129035949707 1.6370400339365005 1.4868028365890495 7.337447294965386
94 10.460732460021973 1.6314693540334702 1.5167831000871956 7.312478711828589
95 10.460522651672363 1.6247977018356323 1.5531514177564532 7.282575413584709
96 10.460762023925781 1.6189315170049667 1.585545886773616 7.256282335147262
97 10.46109676361084 1.6153903603553772 1.6052911270526238 7.24041036516428
98 10.46114730834961 1.614929422736168 1.6078723821556196 7.238344376906753
99 10.46088981628418 1.61739182472229 1.5941133935120888 7.249381214380264
99 10.46059513092041 1.6218356639146805 1.5694585803430527 7.269299136474729
100 10.460535049438477 1.6268522590398788 1.5418973509804346 7.291784232482314
