0 12.370895385742188 1.124008952639997 6.201236978522502 5.045649632811546
1 232.263916015625 16.735349237918854 215.52857252955437 0.0
2 8.111896514892578 3.50911452062428 4.602782498928718 0.0
3 63.467002868652344 0.006402962601121942 63.419864556752145 0.04073437836516347
4 38.95649337768555 0.14820346341002733 38.13735904637724 0.6709314618492499
5 27.970083236694336 0.35607772320508957 26.020693882368505 1.5933116674423218
6 17.696674346923828 0.6844366700388491 13.9421626040712 3.070074903778732
7 10.544700622558594 1.4611302074044943 2.5305330756818876 6.553036748431623
8 2.6665866374969482 2.461320247501135 0.20526780667933053 0.0
9 5.47271728515625 3.113923281431198 2.358794051106088 0.0
10 3.2591612339019775 2.65370293520391 0.6054591955253272 0.0
11 10.459343910217285 1.7297458965331316 0.9617110866383882 7.7678859531879425
12 14.226223945617676 0.8581308135762811 9.481322204694152 3.886769778560847
13 11.98948860168457 1.017649732530117 6.338598471716978 4.633240065071732
14 9.785947799682617 1.569970540702343 1.065180347644855 7.150796419009566
15 10.93984317779541 1.940370824187994 0.07613063293825556 8.923341006040573
16 9.205236434936523 1.8218399723991752 0.27312503565734453 7.110271462239325
17 11.570981979370117 1.0977051136086118 5.456339529757315 5.016936316028327
18 8.584382057189941 1.654080877546221 0.5139995884571161 6.416301795747131
19 8.812891006469727 1.7260996801778674 0.3080831257669432 6.778708282858133
20 9.020496368408203 1.5060819862410426 0.4852088157088915 7.029204942751676
21 8.200454711914062 1.1580474835354835 1.5808038025995643 5.4616037285886705
22 8.430882453918457 0.8770230589434505 3.3810981887830525 4.172761503141373
23 8.35086441040039 0.7848677276051603 3.7586978449693245 3.8072975900722668
24 7.739034175872803 0.8621178265893832 2.5282432881190307 4.3486733348690905
25 7.493870735168457 0.9760144751053303 1.48874787092411 5.029108247719705
26 7.0398383140563965 0.939819967141375 1.3075904495237547 4.792427738197148
27 7.066343307495117 0.7835194548507047 2.4056685184347812 3.8771555966709217
28 6.848047733306885 0.9213296112281628 1.4262451059828962 4.500473258218646
29 6.810318946838379 0.9962405009914193 0.7527212200625123 5.061356683169393
30 6.797539710998535 0.800195722788871 1.8829522520563842 4.114391926145586
31 6.95884895324707 0.9622787392672763 0.6032677393933178 5.393302215975666
32 6.378477573394775 0.8453834272515905 1.3313573712184759 4.2017369026722955
33 6.417227268218994 0.8550800341091644 1.5787543202397636 3.983392467359863
34 2.410862445831299 0.8997898479107249 0.6112831430183271 0.8997898479107249
35 2.6973824501037598 1.1549894206109457 0.3874032614768568 1.1549894206109457
36 2.538039445877075 1.173677940707421 0.19068410300100178 1.173677940707421
37 7.171030044555664 0.906638661002308 0.7392606420303309 5.525130422233179
38 8.068183898925781 0.8535561797953051 3.411495129650575 3.803132319963364
39 6.285002708435059 0.9525498439146247 0.569441704679183 4.763012034708623
40 2.5757410526275635 1.024306099192927 0.5271290611936057 1.024306099192927
41 2.7914323806762695 1.0616905543510597 0.6680511711405286 1.0616905543510597
42 2.497556447982788 0.9959368754092566 0.5056821324602186 0.9959368754092566
43 2.4146435260772705 0.8456911853939459 0.7232614864585012 0.8456911853939459
44 6.413609981536865 0.7489259853625612 1.1330619133713067 4.531622096908322
45 5.890443801879883 0.6698091246464628 1.6915789066322895 3.5290556123219616
46 2.9094200134277344 0.7038299258070992 1.5017601294316014 0.7038299258070992
47 2.3386075496673584 0.7641125014689671 0.8103826537784566 0.7641125014689671
48 6.236157417297363 0.8752595904863938 0.3639402944931305 4.996957783556013
49 5.632748126983643 0.7555579679989535 0.4113068185940598 4.465883280720341
50 5.231986045837402 0.550687380034141 1.4794850712696643 3.2018138961254152
51 5.426882266998291 0.44228688634568414 2.5445395554124843 2.4400555883548662
52 4.798421382904053 0.4368945725035265 1.6591332616299042 2.702393590690662
53 4.4746551513671875 0.4742422625875844 0.6448767289311945 3.35553562696666
54 4.299623489379883 0.4485427968478959 0.351047785958599 3.500033288472567
55 3.844299077987671 0.42115262411971344 0.6398620247873623 2.783284426555891
56 3.999526262283325 0.4275134202907793 1.3304645185426125 2.2415485341922654
57 3.187852382659912 0.3068829463882139 0.8912350843079366 1.9897343493600577
58 3.0338521003723145 0.20008563950716507 0.5039695691003487 2.329796974375025
59 3.0807912349700928 0.14711246540815637 0.5485718031916633 2.385107171287249
60 2.663496494293213 0.08914631723048427 0.8567859737141532 1.717564003260984
61 2.2227675914764404 0.08018912337138318 0.8476109372952296 1.2949677767876784
62 1.95848548412323 0.07218372279021423 0.6199238634598683 1.2663779761286946
63 1.6515344381332397 0.04475063559584669 0.3819553405478602 1.2248283971941234
64 1.694869041442871 0.02526719260822574 0.6445603290418429 1.0250415844159448
65 1.5428516864776611 0.01601052196144792 0.518650561661191 1.0081905639341393
66 1.4043089151382446 0.01249229457380352 0.3754106929823724 1.0164058272180085
67 1.2098805904388428 0.012312630373344291 0.3889637565094084 0.8086042535287561
68 1.2677973508834839 0.011550071831152309 0.5505835372854838 0.7056635696635567
69 1.2506614923477173 0.005981649359455332 0.23699213142598374 1.0076879619837165
70 1.195076584815979 0.0029611482295877067 0.38727947348178304 0.8048360675824426
71 1.0161494016647339 0.00043732193762480165 0.3697673416628504 0.6459446789923082
72 0.9772001504898071 0.00021133929476491176 0.4242048536125367 0.5527839497767673
73 0.9949728846549988 0.0022130263096187264 0.397613207456061 0.5951466036076454
74 0.9561862349510193 0.004122095066122711 0.3054948009515783 0.646569438635197
75 0.8808464407920837 0.003088525583734736 0.3641031180146115 0.5136547255606274
76 0.8479364514350891 0.0009503187611699104 0.38867319340087647 0.45831299390556524
77 0.7995912432670593 2.6669016772729037e-08 0.22080585850711998 0.5787855064551197
78 0.7761703729629517 0.0017889748560264707 0.3864028451481243 0.3879785706585608
79 0.30465933680534363 0.003940545138902962 0.2967782635891827 0.003940545138902962
80 0.025261428207159042 0.00221272194175981 0.02083598671913478 0.00221272194175981
81 0.0102463997900486 0.0007139823123907263 0.008818434342174442 0.0007139823123907263
82 0.06282278150320053 0.02596423273891446 0.01089430193815133 0.02596423273891446
83 0.2505502700805664 0.12105567187708743 0.008438940008090867 0.12105567187708743
84 0.05830124765634537 0.02784191385906354 0.002617420766455325 0.02784191385906354
85 0.004477900452911854 0.002237951808183425 1.99640226239417e-06 0.002237951808183425
86 2.855996608734131 0.001720046333502978 0.0019759440870075196 2.852301556596725
87 1.5419728755950928 0.007541463011875749 0.8929639319503622 0.6414674290253828
88 2.7856595516204834 0.00401116581633687 2.6469292899528227 0.13471903395367235
89 1.3856351375579834 0.014655529987066984 0.07391056804385698 1.2970688898203662
90 2.8897318840026855 0.05004612077027559 0.10092555406697556 2.7387599274807144
91 3.152268648147583 0.05433384329080582 0.5997999351184262 2.498134681431111
92 2.6866848468780518 0.036175766959786415 1.128800820082688 1.5217082984454464
93 1.5645097494125366 0.01992005412466824 0.9259783668258024 0.6186113638977986
94 1.201188325881958 0.009227409958839417 0.6948823433303914 0.4970785519108176
95 1.4782403707504272 0.0030087392369750887 0.7200934418651741 0.7551380842851358
96 1.6116595268249512 0.0008370550567633472 0.40018400098051643 1.2106386813752579
97 1.8479135036468506 1.6172634218492021e-06 0.2951597367409704 1.5527521182018766
98 1.6889326572418213 0.0013997052737977356 0.1743721644957077 1.5131607708644879
99 1.3295072317123413 0.005465020250994712 0.1601259416599703 1.1639164362500196
