0 110.15797424316406
1 10.49697208404541
2 9.229745864868164
3 4.496007442474365
4 28.917932510375977
5 6.206306457519531
6 21.594017028808594
7 18.59370231628418
8 5.574601650238037
9 10.929972648620605
10 22.889949798583984
11 16.665311813354492
12 10.344210624694824
13 3.0529191493988037
14 6.141775608062744
15 6.749595642089844
16 4.496601581573486
17 2.9167275428771973
18 10.289201736450195
19 11.470891952514648
20 13.404536247253418
21 12.392200469970703
22 10.527671813964844
23 10.623760223388672
24 11.813175201416016
25 12.094295501708984
26 11.180292129516602
27 10.37423038482666
28 10.660722732543945
29 11.366965293884277
30 11.284537315368652
31 10.59246826171875
32 10.310365676879883
33 10.637727737426758
34 10.917021751403809
35 10.702436447143555
36 10.270708084106445
37 10.143380165100098
38 10.35654354095459
39 10.448285102844238
40 10.197675704956055
41 9.92414379119873
42 9.915365219116211
43 10.016502380371094
44 9.939393997192383
45 9.696159362792969
46 9.544690132141113
47 9.569135665893555
48 9.543205261230469
49 9.335151672363281
50 9.13730525970459
51 9.082721710205078
52 9.015745162963867
53 8.8201322555542
54 8.644362449645996
55 8.584630012512207
56 8.4500732421875
57 8.193120002746582
58 8.003259658813477
59 7.812586307525635
60 7.483798027038574
61 7.164760112762451
62 6.89274787902832
63 6.523739337921143
64 6.216570854187012
65 6.046026229858398
66 5.938114643096924
67 6.00636100769043
68 6.090958595275879
69 6.113059043884277
70 6.115377902984619
71 5.985561370849609
72 5.932055473327637
73 5.876671314239502
74 5.888596057891846
75 5.88809871673584
76 5.8109235763549805
77 5.706725120544434
78 5.550947666168213
79 5.446585655212402
80 5.363818168640137
81 5.330369472503662
82 5.313876628875732
83 5.286078453063965
84 5.257186412811279
85 5.188423156738281
86 5.09586238861084
87 4.983632564544678
88 4.853360652923584
89 4.735283851623535
90 4.6220479011535645
91 4.523410797119141
92 4.4188008308410645
93 4.287616729736328
94 4.14609956741333
95 3.987102508544922
96 3.8222479820251465
97 3.6398587226867676
98 3.4463295936584473
99 3.2407114505767822
100 3.045257329940796
101 2.8914387226104736
102 2.7487666606903076
103 2.601454973220825
104 2.4288864135742188
105 2.267367362976074
106 2.1503138542175293
107 2.0893633365631104
108 2.0355772972106934
109 2.0060696601867676
110 1.989522933959961
111 1.9641900062561035
112 1.9195297956466675
113 1.874207615852356
114 1.8962147235870361
115 1.9249259233474731
116 1.9268485307693481
117 1.9147460460662842
118 1.934497356414795
119 1.9208427667617798
120 1.8864634037017822
121 1.8722692728042603
122 1.87040376663208
123 1.8547301292419434
124 1.8406002521514893
125 1.848742127418518
126 1.8507106304168701
127 1.8471267223358154
128 1.8432172536849976
129 1.845155954360962
130 1.8457536697387695
131 1.8384039402008057
132 1.8349026441574097
133 1.8339256048202515
134 1.8315356969833374
135 1.825688362121582
136 1.8232616186141968
137 1.8249868154525757
138 1.823700189590454
139 1.8233612775802612
140 1.8251971006393433
141 1.8274441957473755
142 1.8262019157409668
143 1.826521396636963
144 1.8265392780303955
145 1.8247530460357666
146 1.8221092224121094
147 1.8214702606201172
148 1.820538878440857
149 1.8189462423324585
150 1.8185200691223145
151 1.8190377950668335
152 1.8190890550613403
153 1.8189246654510498
154 1.819529414176941
155 1.8196269273757935
156 1.819278597831726
157 1.8189729452133179
158 1.8189702033996582
159 1.8184040784835815
160 1.8179235458374023
161 1.8179280757904053
162 1.817993402481079
163 1.8178571462631226
164 1.8179086446762085
165 1.8180499076843262
166 1.817885160446167
167 1.8177194595336914
168 1.817683458328247
169 1.8175692558288574
170 1.8173134326934814
171 1.817238450050354
172 1.8171602487564087
173 1.817037582397461
174 1.8169481754302979
175 1.8169584274291992
176 1.8168851137161255
177 1.8168163299560547
178 1.816811442375183
179 1.816818356513977
180 1.8167592287063599
181 1.816737174987793
182 1.8166736364364624
183 1.816591739654541
184 1.8165167570114136
185 1.8164749145507812
186 1.8164225816726685
187 1.8163845539093018
188 1.816361665725708
189 1.816340684890747
190 1.8162988424301147
191 1.816274881362915
192 1.8162510395050049
193 1.8162298202514648
194 1.8162428140640259
195 1.81632399559021
196 1.8164842128753662
197 1.8168195486068726
198 1.8175468444824219
199 1.8189737796783447
200 1.8219785690307617
201 1.8278881311416626
202 1.8408253192901611
203 1.8642464876174927
204 1.9140632152557373
205 1.977763056755066
206 2.084258794784546
207 2.0887081623077393
208 2.057861328125
209 1.903953194618225
210 1.819819688796997
211 1.8497936725616455
212 1.9268141984939575
213 1.96701979637146
214 1.8966172933578491
215 1.8286155462265015
216 1.8233636617660522
217 1.8694179058074951
218 1.9066951274871826
219 1.8792052268981934
220 1.8356064558029175
221 1.8151273727416992
222 1.833281397819519
223 1.8629343509674072
224 1.8649413585662842
225 1.8457485437393188
226 1.8209450244903564
227 1.815946340560913
228 1.829493761062622
229 1.8422138690948486
230 1.8424181938171387
231 1.8281288146972656
232 1.816359043121338
233 1.816017746925354
234 1.8242114782333374
235 1.8312463760375977
236 1.8290849924087524
237 1.8218191862106323
238 1.815423846244812
239 1.8149487972259521
240 1.819120168685913
241 1.8230820894241333
242 1.823854923248291
243 1.8206090927124023
244 1.8166112899780273
245 1.814223051071167
246 1.814522624015808
247 1.816592812538147
248 1.8186028003692627
249 1.8194193840026855
250 1.8184375762939453
251 1.816622018814087
252 1.8147846460342407
253 1.813779592514038
254 1.8137857913970947
255 1.8145091533660889
256 1.8154488801956177
257 1.8161214590072632
258 1.8163220882415771
259 1.8159489631652832
260 1.8153181076049805
261 1.8145668506622314
262 1.813921332359314
263 1.813446283340454
264 1.8132131099700928
265 1.8131566047668457
266 1.8132307529449463
267 1.8134092092514038
268 1.8136546611785889
269 1.81394624710083
270 1.814287543296814
271 1.814713716506958
272 1.8152251243591309
273 1.8159750699996948
274 1.816921353340149
275 1.8184361457824707
276 1.8204591274261475
277 1.8239052295684814
278 1.8285930156707764
279 1.8370271921157837
280 1.8482662439346313
281 1.8695652484893799
282 1.8954927921295166
283 1.9474960565567017
284 1.9953958988189697
285 2.0942699909210205
286 2.1251957416534424
287 2.1990549564361572
288 2.0984978675842285
289 2.0062496662139893
290 1.8706538677215576
291 1.815591812133789
292 1.8476680517196655
293 1.9152065515518188
294 1.9715163707733154
295 1.9386602640151978
296 1.8839788436889648
297 1.8261436223983765
298 1.8134856224060059
299 1.8418664932250977
300 1.8779246807098389
301 1.902142882347107
302 1.8832883834838867
303 1.8534746170043945
304 1.821964144706726
305 1.8116602897644043
306 1.8226914405822754
307 1.840628743171692
308 1.8522909879684448
309 1.8443117141723633
310 1.8291025161743164
311 1.8147770166397095
312 1.8115593194961548
313 1.8184105157852173
314 1.8271743059158325
315 1.8316570520401
316 1.8272300958633423
317 1.8195829391479492
318 1.8126907348632812
319 1.8105703592300415
320 1.813014268875122
321 1.8172730207443237
322 1.8207257986068726
323 1.8208844661712646
324 1.8188079595565796
325 1.8151124715805054
326 1.811948537826538
327 1.8102777004241943
328 1.8103939294815063
329 1.811772346496582
330 1.813406229019165
331 1.8145867586135864
332 1.8146969079971313
333 1.8139982223510742
334 1.8126490116119385
335 1.81132173538208
336 1.8102449178695679
337 1.8096661567687988
338 1.809617519378662
339 1.8099164962768555
340 1.810428500175476
341 1.810987949371338
342 1.8115350008010864
343 1.8119233846664429
344 1.812231183052063
345 1.8123533725738525
346 1.8124444484710693
347 1.8123998641967773
348 1.8124492168426514
349 1.8124525547027588
350 1.812611699104309
351 1.8127772808074951
352 1.81315279006958
353 1.8136131763458252
354 1.814523696899414
355 1.8156765699386597
356 1.8177266120910645
357 1.8203415870666504
358 1.824889898300171
359 1.8307619094848633
360 1.8415294885635376
361 1.854906678199768
362 1.8807923793792725
363 1.9094792604446411
364 1.9684642553329468
365 2.0164575576782227
366 2.1244308948516846
367 2.151546001434326
368 2.2385640144348145
369 2.133988380432129
370 2.0492618083953857
371 1.894927740097046
372 1.8172011375427246
373 1.8291380405426025
374 1.8955063819885254
375 1.966801643371582
376 1.954637050628662
377 1.9143919944763184
378 1.8434199094772339
379 1.8090826272964478
380 1.8202223777770996
381 1.857524037361145
382 1.8959835767745972
383 1.8999744653701782
384 1.884616732597351
385 1.8440723419189453
386 1.8143962621688843
387 1.8082258701324463
388 1.8236546516418457
389 1.8442325592041016
390 1.8480538129806519
391 1.8384087085723877
392 1.819189429283142
393 1.8079092502593994
394 1.8095502853393555
395 1.8190557956695557
396 1.8276478052139282
397 1.8272346258163452
398 1.8209123611450195
399 1.8119138479232788
400 1.8067395687103271
401 1.8071932792663574
402 1.8113409280776978
403 1.8157426118850708
404 1.8170251846313477
405 1.8154442310333252
406 1.8114207983016968
407 1.8077436685562134
408 1.8058693408966064
409 1.8062995672225952
410 1.8081319332122803
411 1.8099058866500854
412 1.810730218887329
413 1.8100275993347168
