0 11.45798397064209 2.0710049271583557 0.10443887209476088 9.282539941370487
1 119.79279327392578 0.197208559140563 118.71168568730354 0.8839169347193092
2 20.70221710205078 0.5606836751103401 17.62846767436713 2.5130643295124173
3 18.954376220703125 4.704799771308899 14.249575259163976 0.0
4 54.5079231262207 7.394535064697266 47.11339402012527 0.0
5 30.592130661010742 5.690722703933716 24.901407943107188 0.0
6 5.184871673583984 3.0802749395370483 2.1045979158952832 0.0
7 10.922788619995117 1.3528780937194824 3.506118857767433 6.063792884349823
8 21.387313842773438 0.5350572541356087 18.454051786102355 2.398203049786389
9 30.51836395263672 0.29012393206357956 28.92785605043173 1.3003769097849727
10 29.078462600708008 0.3198482021689415 27.32500686775893 1.4336053347215056
11 20.421884536743164 0.571593888103962 17.288330886512995 2.5619654627516866
12 12.41430377960205 1.0922664254903793 6.426338730379939 4.8956941571086645
13 10.735196113586426 1.852508395910263 0.5794805723417085 8.303207274526358
14 3.179457664489746 2.6462519466876984 0.5332048582204152 0.0
15 6.805501461029053 3.3421429991722107 3.463358684675768 0.0
16 9.456647872924805 3.7016730904579163 5.754973232978955 0.0
17 8.84929370880127 3.624508857727051 5.224784975871444 0.0
18 5.873541355133057 3.1971797347068787 2.6763609721092507 0.0
19 3.0573978424072266 2.610579401254654 0.44681792947812937 0.0
20 11.357614517211914 2.04667067527771 0.13747498847806128 9.173470348119736
21 10.52546501159668 1.5203208029270172 2.1908493351656944 6.814295027405024
22 12.051200866699219 1.1396951228380203 5.803226522402838 5.108276354148984
23 14.021395683288574 0.9306134432554245 8.919638220686466 4.1711423974484205
24 14.674493789672852 0.8787764757871628 9.856915012933314 3.9388017039746046
25 13.62164306640625 0.9655311107635498 8.328464331571013 4.327648371458054
26 11.806675910949707 1.1754169017076492 5.362869846867397 5.268386470153928
27 10.584806442260742 1.4809707701206207 2.4659123993478715 6.6379225589334965
28 10.674124717712402 1.824903666973114 0.6697466266632546 8.17947893589735
29 11.680535316467285 2.121374487876892 0.050855727513408056 9.508303508162498
30 2.2927637100219727 2.2855410873889923 0.007222224962788459 0.0
31 2.4917116165161133 2.4022839963436127 0.08942913693317678 0.0
32 2.5928995609283447 2.447743982076645 0.14515562219457934 0.0
33 2.5225226879119873 2.416756749153137 0.10576699847661075 0.0
34 2.3478076457977295 2.3236454725265503 0.024162111285477295 0.0
35 12.045817375183105 2.19602969288826 0.006868457369364478 9.842918802052736
36 10.997349739074707 1.9470345079898834 0.32343390987080056 8.726886812597513
37 10.468415260314941 1.662846177816391 1.3524533627787605 7.453114118427038
38 10.72199821472168 1.4181091636419296 2.947716686176136 6.356167858466506
39 11.334352493286133 1.2571568191051483 4.442438145633787 5.6347564570605755
40 11.675982475280762 1.1960957795381546 5.118815952446312 5.361072154715657
41 11.460710525512695 1.2331964075565338 4.700153531739488 5.52736246958375
42 10.915101051330566 1.3550506234169006 3.4865204279776663 6.073530472815037
43 10.508077621459961 1.535263255238533 2.0915448298910633 6.881269233301282
44 10.523238182067871 1.732066199183464 1.0278054411173798 7.763368142768741
45 10.840293884277344 1.89398193359375 0.4572125025151763 8.489097595214844
46 11.094231605529785 1.976216584444046 0.26032995352579746 8.857685048133135
47 11.03752613067627 1.9594033658504486 0.29579380454379134 8.78232580050826
48 10.746846199035645 1.8574350774288177 0.5641233116330113 8.325289364904165
49 10.499283790588379 1.7089691460132599 1.1304705607471988 7.659843850880861
50 10.485672950744629 1.5595934391021729 1.9357580452924594 6.990320593118668
51 10.653939247131348 1.4462644308805466 2.7253089658915997 6.482363788411021
52 10.79990291595459 1.3903588205575943 3.1777599902125075 6.231786856427789
53 10.777729034423828 1.3978735953569412 3.1143840902950615 6.265469150617719
54 10.621005058288574 1.4617993533611298 2.6072155946167186 6.551993530243635
55 10.482563972473145 1.5637494921684265 1.9098684418713674 7.008948616683483
56 10.474932670593262 1.676099255681038 1.286314569588285 7.5125163067132235
57 10.570833206176758 1.767596572637558 0.8806133884354495 7.922620352357626
58 10.649741172790527 1.812850445508957 0.7114391104551032 8.125454675406218
59 10.628344535827637 1.8016517162322998 0.7514309966063593 8.075260370969772
60 10.535741806030273 1.7423938512802124 0.9836928444565274 7.809658154845238
61 10.466310501098633 1.6574519872665405 1.3799249031580985 7.428936585783958
62 10.475959777832031 1.5737265646457672 1.8485643266467378 7.053667280822992
63 10.534005165100098 1.5137458443641663 2.235432670568116 6.784825123846531
64 10.568387031555176 1.4906327277421951 2.396527440287173 6.681228833273053
65 10.543577194213867 1.5068286508321762 2.2829285863554105 6.753821274265647
66 10.48945426940918 1.554870679974556 1.9654318457469344 6.969152512028813
67 10.460721969604492 1.619418427348137 1.58284165605437 7.258464736863971
68 10.477768898010254 1.6809106767177582 1.2627777352463454 7.534081783145666
69 10.511214256286621 1.7211449295282364 1.0756554896943271 7.714417451992631
70 10.520062446594238 1.7292872220277786 1.0398637293837965 7.750912370160222
71 10.496180534362793 1.7055119574069977 1.1463194157113321 7.6443482376635075
72 10.467354774475098 1.6602243930101395 1.365766063972842 7.441362904384732
73 10.461979866027832 1.609431654214859 1.638843847613316 7.213702592998743
74 10.479031562805176 1.5688600689172745 1.878316206857562 7.031854951754212
75 10.494230270385742 1.5493425577878952 2.000509587232955 6.944374678656459
76 10.489727020263672 1.5545388758182526 1.9675264379475266 6.967665318399668
77 10.472002029418945 1.5807859301567078 1.8059083283878863 7.085308365523815
78 10.460787773132324 1.6185535043478012 1.5876465404289775 7.254588028416038
79 10.465574264526367 1.6553228497505188 1.3908575073583052 7.419393487274647
80 10.476914405822754 1.6795067936182022 1.269619884842541 7.527789378538728
81 10.479913711547852 1.6842872351408005 1.246409649902489 7.549216000363231
82 10.471587181091309 1.6697840243577957 1.317591778934002 7.484210537746549
83 10.462182998657227 1.642533004283905 1.4575835425057448 7.362067572772503
84 10.461457252502441 1.6126023083925247 1.6209403649554588 7.227913917973638
85 10.467796325683594 1.5898334085941315 1.7521029518684372 7.125860456377268
86 10.472009658813477 1.580762356519699 1.806048666476272 7.08520270511508
87 10.46900749206543 1.5870029032230377 1.768830923247151 7.1131737269461155
88 10.462851524353027 1.605217605829239 1.6628196751116775 7.1948146261274815
89 10.460572242736816 1.6284788399934769 1.5330226620426401 7.299074800685048
90 10.463583946228027 1.6486594378948212 1.4253951629507355 7.389527123421431
91 10.466958999633789 1.6591987311840057 1.3709941200795583 7.436765741556883
92 10.466269493103027 1.6573233753442764 1.3805853962549008 7.428360128775239
93 10.462654113769531 1.644800454378128 1.4456226484617218 7.3722306080162525
94 10.460533142089844 1.626925379037857 1.5414979113847949 7.2921119667589664
95 10.461817741394043 1.610318273305893 1.6338251685374416 7.217676546424627
96 10.464073181152344 1.60050830245018 1.6898581810528412 7.173706855624914
97 10.464162826538086 1.6001905798912048 1.691689767758362 7.17228277772665
98 10.462130546569824 1.608617216348648 1.6434624706744216 7.210052166134119
99 10.46058177947998 1.6221117675304413 1.5679335594177246 7.270536672323942
