0 96.4815673828125 9.899848401546478 86.58172746375203 0.0
1 11.699844360351562 2.260008553043008 0.5558280158806275 8.884007687680423
2 126.9898910522461 0.2875818915781565 125.28971198387444 1.4126023585704388
3 36.792320251464844 0.17350430134683847 35.826219556387514 0.7925983851891942
4 10.477185249328613 1.7467609774321318 0.9106978589213668 7.8197266003116965
5 8.980522155761719 3.5936410259455442 5.386880122125149 0.0
6 20.802927017211914 4.850044663995504 15.952883620746434 0.0
7 24.852619171142578 5.218726929277182 19.63389462325722 0.0
8 20.40234375 4.836833294481039 15.565508545842022 0.0
9 12.055159568786621 4.008068520575762 8.04709007544443 0.0
10 4.909685134887695 3.030526429414749 1.8791590488981456 0.0
11 11.746442794799805 2.135497808456421 0.03933817687538976 9.571606248617172
12 10.823456764221191 1.38266421854496 3.2434957480290905 6.197298550978303
13 14.71424388885498 0.8758017122745514 9.912974634207785 3.9254683889448643
14 19.424293518066406 0.612627349793911 16.065779430791736 2.7458832999691367
15 21.18506622314453 0.5424747616052628 18.2111399108544 2.4314493779093027
16 19.079370498657227 0.6276884526014328 15.638291942887008 2.813389314338565
17 14.969847679138184 0.8571135029196739 10.271029493305832 3.84170516487211
18 11.548852920532227 1.2174960523843765 4.874367549782619 5.456991234794259
19 10.468512535095215 1.663080245256424 1.3512691188952886 7.454163242131472
20 11.631610870361328 2.110673725605011 0.060595387330977246 9.460341162979603
21 2.6292214393615723 2.4627941846847534 0.1664262172926101 0.0
22 3.551084041595459 2.7444565892219543 0.8066261927888263 0.0
23 4.28631591796875 2.909347504377365 1.3769687624881044 0.0
24 4.419041633605957 2.936291754245758 1.4827507027075626 0.0
25 3.9299447536468506 2.833181083202362 1.0967640436138026 0.0
26 3.130012273788452 2.632047474384308 0.49796325198258273 0.0
27 2.4438259601593018 2.378426641225815 0.06539869213156635 0.0
28 11.671563148498535 2.1194266378879547 0.05256337865830574 9.499572966247797
29 10.651501655578613 1.813743531703949 0.708301845297683 8.129457615315914
30 10.519425392150879 1.5252514481544495 2.15777269564569 6.836394883692265
31 11.133545875549316 1.299688771367073 4.008463873760775 5.8253907430917025
32 11.90495777130127 1.160631224513054 5.5422116501722485 5.202114952728152
33 12.241092681884766 1.114159345626831 6.133112260140479 4.993821352720261
34 11.937335968017578 1.1558911502361298 5.600576268043369 5.18086926266551
35 11.24978256225586 1.2743148803710938 4.263807279057801 5.711661338806152
36 10.647069931030273 1.44938126206398 2.7013530692784116 6.496333871036768
37 10.464086532592773 1.650523528456688 1.415681938524358 7.397882243618369
38 10.704548835754395 1.839061826467514 0.6225498796266038 8.242937829345465
39 11.095442771911621 1.9765670597553253 0.2596168593299808 8.85925592854619
40 11.314950942993164 2.03596094250679 0.15352075082773808 9.125467795878649
41 11.214539527893066 2.0097681283950806 0.19670314533868805 9.008067861199379
42 10.889139175415039 1.911412239074707 0.410502341328538 8.567222714424133
43 10.57364559173584 1.7694363594055176 0.8733403618680313 7.930866539478302
44 10.46084213256836 1.617895320057869 1.5913078645826317 7.251637952402234
45 10.573975563049316 1.4872648268938065 2.420574566931464 6.6661334205418825
46 10.77489185333252 1.3988549262285233 3.1061682506697252 6.269867615774274
47 10.886526107788086 1.3633050471544266 3.412694169091992 6.110527979210019
48 10.826958656311035 1.38154436647892 3.2531346939504147 6.192279214039445
49 10.654181480407715 1.4461531341075897 2.726166199427098 6.48186494037509
50 10.500797271728516 1.5423561036586761 2.0453795575303957 6.9130603931844234
51 10.463821411132812 1.6495593041181564 1.4207022613845766 7.393560452386737
52 10.538718223571777 1.7447255551815033 0.9738841778016649 7.820109184831381
53 10.639568328857422 1.8076052069664001 0.7300189076340757 8.101944766938686
54 10.676669120788574 1.826121985912323 0.6656108652532566 8.184939615428448
55 10.624503135681152 1.7995699346065521 0.7590006748796441 8.065929528325796
56 10.530455589294434 1.7381393313407898 1.0017318365862593 7.790588788688183
57 10.466943740844727 1.6591596156358719 1.3711949699791148 7.4365904200822115
58 10.47147274017334 1.5818264037370682 1.7996713996399194 7.089971916750073
59 10.52278995513916 1.5224714279174805 2.176384649355896 6.823934435844421
60 10.566781997680664 1.4916191697120667 2.3895103303948417 6.685650207102299
61 10.564679145812988 1.4929197877645493 2.3802815086673945 6.691479763016105
62 10.521721839904785 1.5233438611030579 2.170532366144471 6.8278448060154915
63 10.475698471069336 1.5741597563028336 1.845929340342991 7.055608907714486
64 10.460822105407715 1.6326837092638016 1.51021813362604 7.3179216254502535
65 10.480345726013184 1.6849468797445297 1.2432253314182162 7.552172621712089
66 10.509025573730469 1.7190196514129639 1.085111461870838 7.70489165186882
67 10.518692016601562 1.7280614972114563 1.0452074668137357 7.74541849642992
68 10.5020751953125 1.7119641453027725 1.1168435885338113 7.673267865553498
69 10.475411415100098 1.6769436299800873 1.2821664797957055 7.516300912946463
70 10.460875511169434 1.6333098709583282 1.506838821223937 7.320728171616793
71 10.466790199279785 1.592366635799408 1.7372108821291476 7.137214742600918
72 10.482726097106934 1.5635268986225128 1.9112496316665784 7.00795092061162
73 10.49154281616211 1.552400454878807 1.9810595089802518 6.958080610260367
74 10.485367774963379 1.5599884539842606 1.9332886702613905 6.992091106250882
75 10.470935821533203 1.5828885734081268 1.7933185840956867 7.094732712954283
76 10.461222648620605 1.6143179684877396 1.61130111082457 7.23560375161469
77 10.462888717651367 1.645831435918808 1.4402022695867345 7.376851614564657
78 10.471424102783203 1.6694523245096207 1.319245734193828 7.4827238116413355
79 10.477062225341797 1.6797553598880768 1.2684062583139166 7.528903488069773
80 10.47442626953125 1.6751973032951355 1.2907559721497819 7.508473627269268
81 10.46662425994873 1.6582979261875153 1.375596099824179 7.4327282048761845
82 10.461002349853516 1.6346092373132706 1.4998416422167793 7.326552117243409
83 10.461718559265137 1.6109250336885452 1.6303965426050127 7.2203961331397295
84 10.46642017364502 1.593359336256981 1.7313959950115532 7.141664167866111
85 10.469525337219238 1.5858605206012726 1.7756107117747888 7.108053404837847
86 10.467958450317383 1.589450180530548 1.7543627443956211 7.124142773449421
87 10.463601112365723 1.6022145748138428 1.680030508141499 7.181354612112045
88 10.460688591003418 1.6200065165758133 1.5795801824424416 7.261100636795163
89 10.461374282836914 1.6376438736915588 1.483574855083134 7.34015379101038
90 10.464044570922852 1.650360807776451 1.416528281988576 7.397152906283736
91 10.465496063232422 1.6550947278738022 1.392031683062669 7.418371012434363
92 10.464295387268066 1.6512439846992493 1.411939247045666 7.401111431419849
93 10.46184253692627 1.640654519200325 1.4675393278594129 7.353647934272885
94 10.46053409576416 1.626890018582344 1.5416913642548025 7.2919534761458635
95 10.46125316619873 1.61406908929348 1.6126967864693142 7.2344882395118475
96 10.462752342224121 1.605655387043953 1.66032050648937 7.196776824072003
97 10.463249206542969 1.603575587272644 1.672219039464835 7.187454864382744
98 10.462285995483398 1.607836052775383 1.647898736409843 7.206550879403949
99 10.460953712463379 1.6166732460260391 1.5981217616354115 7.246160442009568
