[-0.95, -0.34999999999999987, -0.1499999999999999, -0.04999999999999993]
[-0.95, -0.34999999999999987, -0.1499999999999999, 0.050000000000000044]
[-0.95, -0.34999999999999987, -0.04999999999999993, -0.1499999999999999]
[-0.95, -0.34999999999999987, -0.04999999999999993, -0.04999999999999993]
[-0.95, -0.34999999999999987, -0.04999999999999993, 0.050000000000000044]
[-0.95, -0.34999999999999987, -0.04999999999999993, 0.15000000000000013]
[-0.95, -0.34999999999999987, 0.050000000000000044, -0.1499999999999999]
[-0.95, -0.34999999999999987, 0.050000000000000044, -0.04999999999999993]
[-0.95, -0.34999999999999987, 0.050000000000000044, 0.050000000000000044]
[-0.95, -0.34999999999999987, 0.050000000000000044, 0.15000000000000013]
[-0.95, -0.34999999999999987, 0.15000000000000013, -0.04999999999999993]
[-0.95, -0.34999999999999987, 0.15000000000000013, 0.050000000000000044]
[-0.95, -0.2499999999999999, -0.2499999999999999, -0.1499999999999999]
[-0.95, -0.2499999999999999, -0.2499999999999999, -0.04999999999999993]
[-0.95, -0.2499999999999999, -0.2499999999999999, 0.050000000000000044]
[-0.95, -0.2499999999999999, -0.2499999999999999, 0.15000000000000013]
[-0.95, -0.2499999999999999, -0.1499999999999999, -0.2499999999999999]
[-0.95, -0.2499999999999999, -0.1499999999999999, -0.1499999999999999]
[-0.95, -0.2499999999999999, -0.1499999999999999, -0.04999999999999993]
[-0.95, -0.2499999999999999, -0.1499999999999999, 0.050000000000000044]
[-0.95, -0.2499999999999999, -0.1499999999999999, 0.15000000000000013]
[-0.95, -0.2499999999999999, -0.1499999999999999, 0.2500000000000002]
[-0.95, -0.2499999999999999, -0.04999999999999993, -0.2499999999999999]
[-0.95, -0.2499999999999999, -0.04999999999999993, -0.1499999999999999]
[-0.95, -0.2499999999999999, -0.04999999999999993, -0.04999999999999993]
[-0.95, -0.2499999999999999, -0.04999999999999993, 0.050000000000000044]
[-0.95, -0.2499999999999999, -0.04999999999999993, 0.15000000000000013]
[-0.95, -0.2499999999999999, -0.04999999999999993, 0.2500000000000002]
[-0.95, -0.2499999999999999, 0.050000000000000044, -0.2499999999999999]
[-0.95, -0.2499999999999999, 0.050000000000000044, -0.1499999999999999]
[-0.95, -0.2499999999999999, 0.050000000000000044, -0.04999999999999993]
[-0.95, -0.2499999999999999, 0.050000000000000044, 0.050000000000000044]
[-0.95, -0.2499999999999999, 0.050000000000000044, 0.15000000000000013]
[-0.95, -0.2499999999999999, 0.050000000000000044, 0.2500000000000002]
[-0.95, -0.2499999999999999, 0.15000000000000013, -0.2499999999999999]
[-0.95, -0.2499999999999999, 0.15000000000000013, -0.1499999999999999]
[-0.95, -0.2499999999999999, 0.15000000000000013, -0.04999999999999993]
[-0.95, -0.2499999999999999, 0.15000000000000013, 0.050000000000000044]
[-0.95, -0.2499999999999999, 0.15000000000000013, 0.15000000000000013]
[-0.95, -0.2499999999999999, 0.15000000000000013, 0.2500000000000002]
[-0.95, -0.2499999999999999, 0.2500000000000002, -0.1499999999999999]
[-0.95, -0.2499999999999999, 0.2500000000000002, -0.04999999999999993]
[-0.95, -0.2499999999999999, 0.2500000000000002, 0.050000000000000044]
[-0.95, -0.2499999999999999, 0.2500000000000002, 0.15000000000000013]
[-0.95, -0.1499999999999999, -0.34999999999999987, -0.04999999999999993]
[-0.95, -0.1499999999999999, -0.34999999999999987, 0.050000000000000044]
[-0.95, -0.1499999999999999, -0.2499999999999999, -0.2499999999999999]
[-0.95, -0.1499999999999999, -0.2499999999999999, -0.1499999999999999]
[-0.95, -0.1499999999999999, -0.2499999999999999, -0.04999999999999993]
[-0.95, -0.1499999999999999, -0.2499999999999999, 0.050000000000000044]
[-0.95, -0.1499999999999999, -0.2499999999999999, 0.15000000000000013]
[-0.95, -0.1499999999999999, -0.2499999999999999, 0.2500000000000002]
[-0.95, -0.1499999999999999, -0.1499999999999999, -0.2499999999999999]
[-0.95, -0.1499999999999999, -0.1499999999999999, -0.1499999999999999]
[-0.95, -0.1499999999999999, -0.1499999999999999, -0.04999999999999993]
[-0.95, -0.1499999999999999, -0.1499999999999999, 0.050000000000000044]
[-0.95, -0.1499999999999999, -0.1499999999999999, 0.15000000000000013]
[-0.95, -0.1499999999999999, -0.1499999999999999, 0.2500000000000002]
[-0.95, -0.1499999999999999, -0.04999999999999993, -0.34999999999999987]
[-0.95, -0.1499999999999999, -0.04999999999999993, -0.2499999999999999]
[-0.95, -0.1499999999999999, -0.04999999999999993, -0.1499999999999999]
[-0.95, -0.1499999999999999, -0.04999999999999993, -0.04999999999999993]
[-0.95, -0.1499999999999999, -0.04999999999999993, 0.050000000000000044]
[-0.95, -0.1499999999999999, -0.04999999999999993, 0.15000000000000013]
[-0.95, -0.1499999999999999, -0.04999999999999993, 0.2500000000000002]
[-0.95, -0.1499999999999999, -0.04999999999999993, 0.3500000000000001]
[-0.95, -0.1499999999999999, 0.050000000000000044, -0.34999999999999987]
[-0.95, -0.1499999999999999, 0.050000000000000044, -0.2499999999999999]
[-0.95, -0.1499999999999999, 0.050000000000000044, -0.1499999999999999]
[-0.95, -0.1499999999999999, 0.050000000000000044, -0.04999999999999993]
[-0.95, -0.1499999999999999, 0.050000000000000044, 0.050000000000000044]
[-0.95, -0.1499999999999999, 0.050000000000000044, 0.15000000000000013]
[-0.95, -0.1499999999999999, 0.050000000000000044, 0.2500000000000002]
[-0.95, -0.1499999999999999, 0.050000000000000044, 0.3500000000000001]
[-0.95, -0.1499999999999999, 0.15000000000000013, -0.2499999999999999]
[-0.95, -0.1499999999999999, 0.15000000000000013, -0.1499999999999999]
[-0.95, -0.1499999999999999, 0.15000000000000013, -0.04999999999999993]
[-0.95, -0.1499999999999999, 0.15000000000000013, 0.050000000000000044]
[-0.95, -0.1499999999999999, 0.15000000000000013, 0.15000000000000013]
[-0.95, -0.1499999999999999, 0.15000000000000013, 0.2500000000000002]
[-0.95, -0.1499999999999999, 0.2500000000000002, -0.2499999999999999]
[-0.95, -0.1499999999999999, 0.2500000000000002, -0.1499999999999999]
[-0.95, -0.1499999999999999, 0.2500000000000002, -0.04999999999999993]
[-0.95, -0.1499999999999999, 0.2500000000000002, 0.050000000000000044]
[-0.95, -0.1499999999999999, 0.2500000000000002, 0.15000000000000013]
[-0.95, -0.1499999999999999, 0.2500000000000002, 0.2500000000000002]
[-0.95, -0.1499999999999999, 0.3500000000000001, -0.04999999999999993]
[-0.95, -0.1499999999999999, 0.3500000000000001, 0.050000000000000044]
[-0.95, -0.04999999999999993, -0.34999999999999987, -0.1499999999999999]
[-0.95, -0.04999999999999993, -0.34999999999999987, -0.04999999999999993]
[-0.95, -0.04999999999999993, -0.34999999999999987, 0.050000000000000044]
[-0.95, -0.04999999999999993, -0.34999999999999987, 0.15000000000000013]
[-0.95, -0.04999999999999993, -0.2499999999999999, -0.2499999999999999]
[-0.95, -0.04999999999999993, -0.2499999999999999, -0.1499999999999999]
[-0.95, -0.04999999999999993, -0.2499999999999999, -0.04999999999999993]
[-0.95, -0.04999999999999993, -0.2499999999999999, 0.050000000000000044]
[-0.95, -0.04999999999999993, -0.2499999999999999, 0.15000000000000013]
[-0.95, -0.04999999999999993, -0.2499999999999999, 0.2500000000000002]
[-0.95, -0.04999999999999993, -0.1499999999999999, -0.34999999999999987]
[-0.95, -0.04999999999999993, -0.1499999999999999, -0.2499999999999999]
[-0.95, -0.04999999999999993, -0.1499999999999999, -0.1499999999999999]
[-0.95, -0.04999999999999993, -0.1499999999999999, -0.04999999999999993]
[-0.95, -0.04999999999999993, -0.1499999999999999, 0.050000000000000044]
[-0.95, -0.04999999999999993, -0.1499999999999999, 0.15000000000000013]
[-0.95, -0.04999999999999993, -0.1499999999999999, 0.2500000000000002]
[-0.95, -0.04999999999999993, -0.1499999999999999, 0.3500000000000001]
[-0.95, -0.04999999999999993, -0.04999999999999993, -0.34999999999999987]
[-0.95, -0.04999999999999993, -0.04999999999999993, -0.2499999999999999]
[-0.95, -0.04999999999999993, -0.04999999999999993, -0.1499999999999999]
[-0.95, -0.04999999999999993, -0.04999999999999993, -0.04999999999999993]
[-0.95, -0.04999999999999993, -0.04999999999999993, 0.050000000000000044]
[-0.95, -0.04999999999999993, -0.04999999999999993, 0.15000000000000013]
[-0.95, -0.04999999999999993, -0.04999999999999993, 0.2500000000000002]
[-0.95, -0.04999999999999993, -0.04999999999999993, 0.3500000000000001]
[-0.95, -0.04999999999999993, 0.050000000000000044, -0.34999999999999987]
[-0.95, -0.04999999999999993, 0.050000000000000044, -0.2499999999999999]
[-0.95, -0.04999999999999993, 0.050000000000000044, -0.1499999999999999]
[-0.95, -0.04999999999999993, 0.050000000000000044, -0.04999999999999993]
[-0.95, -0.04999999999999993, 0.050000000000000044, 0.050000000000000044]
[-0.95, -0.04999999999999993, 0.050000000000000044, 0.15000000000000013]
[-0.95, -0.04999999999999993, 0.050000000000000044, 0.2500000000000002]
[-0.95, -0.04999999999999993, 0.050000000000000044, 0.3500000000000001]
[-0.95, -0.04999999999999993, 0.15000000000000013, -0.34999999999999987]
[-0.95, -0.04999999999999993, 0.15000000000000013, -0.2499999999999999]
[-0.95, -0.04999999999999993, 0.15000000000000013, -0.1499999999999999]
[-0.95, -0.04999999999999993, 0.15000000000000013, -0.04999999999999993]
[-0.95, -0.04999999999999993, 0.15000000000000013, 0.050000000000000044]
[-0.95, -0.04999999999999993, 0.15000000000000013, 0.15000000000000013]
[-0.95, -0.04999999999999993, 0.15000000000000013, 0.2500000000000002]
[-0.95, -0.04999999999999993, 0.15000000000000013, 0.3500000000000001]
[-0.95, -0.04999999999999993, 0.2500000000000002, -0.2499999999999999]
[-0.95, -0.04999999999999993, 0.2500000000000002, -0.1499999999999999]
[-0.95, -0.04999999999999993, 0.2500000000000002, -0.04999999999999993]
[-0.95, -0.04999999999999993, 0.2500000000000002, 0.050000000000000044]
[-0.95, -0.04999999999999993, 0.2500000000000002, 0.15000000000000013]
[-0.95, -0.04999999999999993, 0.2500000000000002, 0.2500000000000002]
[-0.95, -0.04999999999999993, 0.3500000000000001, -0.1499999999999999]
[-0.95, -0.04999999999999993, 0.3500000000000001, -0.04999999999999993]
[-0.95, -0.04999999999999993, 0.3500000000000001, 0.050000000000000044]
[-0.95, -0.04999999999999993, 0.3500000000000001, 0.15000000000000013]
[-0.95, 0.050000000000000044, -0.34999999999999987, -0.1499999999999999]
[-0.95, 0.050000000000000044, -0.34999999999999987, -0.04999999999999993]
[-0.95, 0.050000000000000044, -0.34999999999999987, 0.050000000000000044]
[-0.95, 0.050000000000000044, -0.34999999999999987, 0.15000000000000013]
[-0.95, 0.050000000000000044, -0.2499999999999999, -0.2499999999999999]
[-0.95, 0.050000000000000044, -0.2499999999999999, -0.1499999999999999]
[-0.95, 0.050000000000000044, -0.2499999999999999, -0.04999999999999993]
[-0.95, 0.050000000000000044, -0.2499999999999999, 0.050000000000000044]
[-0.95, 0.050000000000000044, -0.2499999999999999, 0.15000000000000013]
[-0.95, 0.050000000000000044, -0.2499999999999999, 0.2500000000000002]
[-0.95, 0.050000000000000044, -0.1499999999999999, -0.34999999999999987]
[-0.95, 0.050000000000000044, -0.1499999999999999, -0.2499999999999999]
[-0.95, 0.050000000000000044, -0.1499999999999999, -0.1499999999999999]
[-0.95, 0.050000000000000044, -0.1499999999999999, -0.04999999999999993]
[-0.95, 0.050000000000000044, -0.1499999999999999, 0.050000000000000044]
[-0.95, 0.050000000000000044, -0.1499999999999999, 0.15000000000000013]
[-0.95, 0.050000000000000044, -0.1499999999999999, 0.2500000000000002]
[-0.95, 0.050000000000000044, -0.1499999999999999, 0.3500000000000001]
[-0.95, 0.050000000000000044, -0.04999999999999993, -0.34999999999999987]
[-0.95, 0.050000000000000044, -0.04999999999999993, -0.2499999999999999]
[-0.95, 0.050000000000000044, -0.04999999999999993, -0.1499999999999999]
[-0.95, 0.050000000000000044, -0.04999999999999993, -0.04999999999999993]
[-0.95, 0.050000000000000044, -0.04999999999999993, 0.050000000000000044]
[-0.95, 0.050000000000000044, -0.04999999999999993, 0.15000000000000013]
[-0.95, 0.050000000000000044, -0.04999999999999993, 0.2500000000000002]
[-0.95, 0.050000000000000044, -0.04999999999999993, 0.3500000000000001]
[-0.95, 0.050000000000000044, 0.050000000000000044, -0.34999999999999987]
[-0.95, 0.050000000000000044, 0.050000000000000044, -0.2499999999999999]
[-0.95, 0.050000000000000044, 0.050000000000000044, -0.1499999999999999]
[-0.95, 0.050000000000000044, 0.050000000000000044, -0.04999999999999993]
[-0.95, 0.050000000000000044, 0.050000000000000044, 0.050000000000000044]
[-0.95, 0.050000000000000044, 0.050000000000000044, 0.15000000000000013]
[-0.95, 0.050000000000000044, 0.050000000000000044, 0.2500000000000002]
[-0.95, 0.050000000000000044, 0.050000000000000044, 0.3500000000000001]
[-0.95, 0.050000000000000044, 0.15000000000000013, -0.34999999999999987]
[-0.95, 0.050000000000000044, 0.15000000000000013, -0.2499999999999999]
[-0.95, 0.050000000000000044, 0.15000000000000013, -0.1499999999999999]
[-0.95, 0.050000000000000044, 0.15000000000000013, -0.04999999999999993]
[-0.95, 0.050000000000000044, 0.15000000000000013, 0.050000000000000044]
[-0.95, 0.050000000000000044, 0.15000000000000013, 0.15000000000000013]
[-0.95, 0.050000000000000044, 0.15000000000000013, 0.2500000000000002]
[-0.95, 0.050000000000000044, 0.15000000000000013, 0.3500000000000001]
[-0.95, 0.050000000000000044, 0.2500000000000002, -0.2499999999999999]
[-0.95, 0.050000000000000044, 0.2500000000000002, -0.1499999999999999]
[-0.95, 0.050000000000000044, 0.2500000000000002, -0.04999999999999993]
[-0.95, 0.050000000000000044, 0.2500000000000002, 0.050000000000000044]
[-0.95, 0.050000000000000044, 0.2500000000000002, 0.15000000000000013]
[-0.95, 0.050000000000000044, 0.2500000000000002, 0.2500000000000002]
[-0.95, 0.050000000000000044, 0.3500000000000001, -0.1499999999999999]
[-0.95, 0.050000000000000044, 0.3500000000000001, -0.04999999999999993]
[-0.95, 0.050000000000000044, 0.3500000000000001, 0.050000000000000044]
[-0.95, 0.050000000000000044, 0.3500000000000001, 0.15000000000000013]
[-0.95, 0.15000000000000013, -0.34999999999999987, -0.04999999999999993]
[-0.95, 0.15000000000000013, -0.34999999999999987, 0.050000000000000044]
[-0.95, 0.15000000000000013, -0.2499999999999999, -0.2499999999999999]
[-0.95, 0.15000000000000013, -0.2499999999999999, -0.1499999999999999]
[-0.95, 0.15000000000000013, -0.2499999999999999, -0.04999999999999993]
[-0.95, 0.15000000000000013, -0.2499999999999999, 0.050000000000000044]
[-0.95, 0.15000000000000013, -0.2499999999999999, 0.15000000000000013]
[-0.95, 0.15000000000000013, -0.2499999999999999, 0.2500000000000002]
[-0.95, 0.15000000000000013, -0.1499999999999999, -0.2499999999999999]
[-0.95, 0.15000000000000013, -0.1499999999999999, -0.1499999999999999]
[-0.95, 0.15000000000000013, -0.1499999999999999, -0.04999999999999993]
[-0.95, 0.15000000000000013, -0.1499999999999999, 0.050000000000000044]
[-0.95, 0.15000000000000013, -0.1499999999999999, 0.15000000000000013]
[-0.95, 0.15000000000000013, -0.1499999999999999, 0.2500000000000002]
[-0.95, 0.15000000000000013, -0.04999999999999993, -0.34999999999999987]
[-0.95, 0.15000000000000013, -0.04999999999999993, -0.2499999999999999]
[-0.95, 0.15000000000000013, -0.04999999999999993, -0.1499999999999999]
[-0.95, 0.15000000000000013, -0.04999999999999993, -0.04999999999999993]
[-0.95, 0.15000000000000013, -0.04999999999999993, 0.050000000000000044]
[-0.95, 0.15000000000000013, -0.04999999999999993, 0.15000000000000013]
[-0.95, 0.15000000000000013, -0.04999999999999993, 0.2500000000000002]
[-0.95, 0.15000000000000013, -0.04999999999999993, 0.3500000000000001]
[-0.95, 0.15000000000000013, 0.050000000000000044, -0.34999999999999987]
[-0.95, 0.15000000000000013, 0.050000000000000044, -0.2499999999999999]
[-0.95, 0.15000000000000013, 0.050000000000000044, -0.1499999999999999]
[-0.95, 0.15000000000000013, 0.050000000000000044, -0.04999999999999993]
[-0.95, 0.15000000000000013, 0.050000000000000044, 0.050000000000000044]
[-0.95, 0.15000000000000013, 0.050000000000000044, 0.15000000000000013]
[-0.95, 0.15000000000000013, 0.050000000000000044, 0.2500000000000002]
[-0.95, 0.15000000000000013, 0.050000000000000044, 0.3500000000000001]
[-0.95, 0.15000000000000013, 0.15000000000000013, -0.2499999999999999]
[-0.95, 0.15000000000000013, 0.15000000000000013, -0.1499999999999999]
[-0.95, 0.15000000000000013, 0.15000000000000013, -0.04999999999999993]
[-0.95, 0.15000000000000013, 0.15000000000000013, 0.050000000000000044]
[-0.95, 0.15000000000000013, 0.15000000000000013, 0.15000000000000013]
[-0.95, 0.15000000000000013, 0.15000000000000013, 0.2500000000000002]
[-0.95, 0.15000000000000013, 0.2500000000000002, -0.2499999999999999]
[-0.95, 0.15000000000000013, 0.2500000000000002, -0.1499999999999999]
[-0.95, 0.15000000000000013, 0.2500000000000002, -0.04999999999999993]
[-0.95, 0.15000000000000013, 0.2500000000000002, 0.050000000000000044]
[-0.95, 0.15000000000000013, 0.2500000000000002, 0.15000000000000013]
[-0.95, 0.15000000000000013, 0.2500000000000002, 0.2500000000000002]
[-0.95, 0.15000000000000013, 0.3500000000000001, -0.04999999999999993]
[-0.95, 0.15000000000000013, 0.3500000000000001, 0.050000000000000044]
[-0.95, 0.2500000000000002, -0.2499999999999999, -0.1499999999999999]
[-0.95, 0.2500000000000002, -0.2499999999999999, -0.04999999999999993]
[-0.95, 0.2500000000000002, -0.2499999999999999, 0.050000000000000044]
[-0.95, 0.2500000000000002, -0.2499999999999999, 0.15000000000000013]
[-0.95, 0.2500000000000002, -0.1499999999999999, -0.2499999999999999]
[-0.95, 0.2500000000000002, -0.1499999999999999, -0.1499999999999999]
[-0.95, 0.2500000000000002, -0.1499999999999999, -0.04999999999999993]
[-0.95, 0.2500000000000002, -0.1499999999999999, 0.050000000000000044]
[-0.95, 0.2500000000000002, -0.1499999999999999, 0.15000000000000013]
[-0.95, 0.2500000000000002, -0.1499999999999999, 0.2500000000000002]
[-0.95, 0.2500000000000002, -0.04999999999999993, -0.2499999999999999]
[-0.95, 0.2500000000000002, -0.04999999999999993, -0.1499999999999999]
[-0.95, 0.2500000000000002, -0.04999999999999993, -0.04999999999999993]
[-0.95, 0.2500000000000002, -0.04999999999999993, 0.050000000000000044]
[-0.95, 0.2500000000000002, -0.04999999999999993, 0.15000000000000013]
[-0.95, 0.2500000000000002, -0.04999999999999993, 0.2500000000000002]
[-0.95, 0.2500000000000002, 0.050000000000000044, -0.2499999999999999]
[-0.95, 0.2500000000000002, 0.050000000000000044, -0.1499999999999999]
[-0.95, 0.2500000000000002, 0.050000000000000044, -0.04999999999999993]
[-0.95, 0.2500000000000002, 0.050000000000000044, 0.050000000000000044]
[-0.95, 0.2500000000000002, 0.050000000000000044, 0.15000000000000013]
[-0.95, 0.2500000000000002, 0.050000000000000044, 0.2500000000000002]
[-0.95, 0.2500000000000002, 0.15000000000000013, -0.2499999999999999]
[-0.95, 0.2500000000000002, 0.15000000000000013, -0.1499999999999999]
[-0.95, 0.2500000000000002, 0.15000000000000013, -0.04999999999999993]
[-0.95, 0.2500000000000002, 0.15000000000000013, 0.050000000000000044]
[-0.95, 0.2500000000000002, 0.15000000000000013, 0.15000000000000013]
[-0.95, 0.2500000000000002, 0.15000000000000013, 0.2500000000000002]
[-0.95, 0.2500000000000002, 0.2500000000000002, -0.1499999999999999]
[-0.95, 0.2500000000000002, 0.2500000000000002, -0.04999999999999993]
[-0.95, 0.2500000000000002, 0.2500000000000002, 0.050000000000000044]
[-0.95, 0.2500000000000002, 0.2500000000000002, 0.15000000000000013]
[-0.95, 0.3500000000000001, -0.1499999999999999, -0.04999999999999993]
[-0.95, 0.3500000000000001, -0.1499999999999999, 0.050000000000000044]
[-0.95, 0.3500000000000001, -0.04999999999999993, -0.1499999999999999]
[-0.95, 0.3500000000000001, -0.04999999999999993, -0.04999999999999993]
[-0.95, 0.3500000000000001, -0.04999999999999993, 0.050000000000000044]
[-0.95, 0.3500000000000001, -0.04999999999999993, 0.15000000000000013]
[-0.95, 0.3500000000000001, 0.050000000000000044, -0.1499999999999999]
[-0.95, 0.3500000000000001, 0.050000000000000044, -0.04999999999999993]
[-0.95, 0.3500000000000001, 0.050000000000000044, 0.050000000000000044]
[-0.95, 0.3500000000000001, 0.050000000000000044, 0.15000000000000013]
[-0.95, 0.3500000000000001, 0.15000000000000013, -0.04999999999999993]
[-0.95, 0.3500000000000001, 0.15000000000000013, 0.050000000000000044]
[0.9500000000000002, -0.34999999999999987, -0.1499999999999999, -0.04999999999999993]
[0.9500000000000002, -0.34999999999999987, -0.1499999999999999, 0.050000000000000044]
[0.9500000000000002, -0.34999999999999987, -0.04999999999999993, -0.1499999999999999]
[0.9500000000000002, -0.34999999999999987, -0.04999999999999993, -0.04999999999999993]
[0.9500000000000002, -0.34999999999999987, -0.04999999999999993, 0.050000000000000044]
[0.9500000000000002, -0.34999999999999987, -0.04999999999999993, 0.15000000000000013]
[0.9500000000000002, -0.34999999999999987, 0.050000000000000044, -0.1499999999999999]
[0.9500000000000002, -0.34999999999999987, 0.050000000000000044, -0.04999999999999993]
[0.9500000000000002, -0.34999999999999987, 0.050000000000000044, 0.050000000000000044]
[0.9500000000000002, -0.34999999999999987, 0.050000000000000044, 0.15000000000000013]
[0.9500000000000002, -0.34999999999999987, 0.15000000000000013, -0.04999999999999993]
[0.9500000000000002, -0.34999999999999987, 0.15000000000000013, 0.050000000000000044]
[0.9500000000000002, -0.2499999999999999, -0.2499999999999999, -0.1499999999999999]
[0.9500000000000002, -0.2499999999999999, -0.2499999999999999, -0.04999999999999993]
[0.9500000000000002, -0.2499999999999999, -0.2499999999999999, 0.050000000000000044]
[0.9500000000000002, -0.2499999999999999, -0.2499999999999999, 0.15000000000000013]
[0.9500000000000002, -0.2499999999999999, -0.1499999999999999, -0.2499999999999999]
[0.9500000000000002, -0.2499999999999999, -0.1499999999999999, -0.1499999999999999]
[0.9500000000000002, -0.2499999999999999, -0.1499999999999999, -0.04999999999999993]
[0.9500000000000002, -0.2499999999999999, -0.1499999999999999, 0.050000000000000044]
[0.9500000000000002, -0.2499999999999999, -0.1499999999999999, 0.15000000000000013]
[0.9500000000000002, -0.2499999999999999, -0.1499999999999999, 0.2500000000000002]
[0.9500000000000002, -0.2499999999999999, -0.04999999999999993, -0.2499999999999999]
[0.9500000000000002, -0.2499999999999999, -0.04999999999999993, -0.1499999999999999]
[0.9500000000000002, -0.2499999999999999, -0.04999999999999993, -0.04999999999999993]
[0.9500000000000002, -0.2499999999999999, -0.04999999999999993, 0.050000000000000044]
[0.9500000000000002, -0.2499999999999999, -0.04999999999999993, 0.15000000000000013]
[0.9500000000000002, -0.2499999999999999, -0.04999999999999993, 0.2500000000000002]
[0.9500000000000002, -0.2499999999999999, 0.050000000000000044, -0.2499999999999999]
[0.9500000000000002, -0.2499999999999999, 0.050000000000000044, -0.1499999999999999]
[0.9500000000000002, -0.2499999999999999, 0.050000000000000044, -0.04999999999999993]
[0.9500000000000002, -0.2499999999999999, 0.050000000000000044, 0.050000000000000044]
[0.9500000000000002, -0.2499999999999999, 0.050000000000000044, 0.15000000000000013]
[0.9500000000000002, -0.2499999999999999, 0.050000000000000044, 0.2500000000000002]
[0.9500000000000002, -0.2499999999999999, 0.15000000000000013, -0.2499999999999999]
[0.9500000000000002, -0.2499999999999999, 0.15000000000000013, -0.1499999999999999]
[0.9500000000000002, -0.2499999999999999, 0.15000000000000013, -0.04999999999999993]
[0.9500000000000002, -0.2499999999999999, 0.15000000000000013, 0.050000000000000044]
[0.9500000000000002, -0.2499999999999999, 0.15000000000000013, 0.15000000000000013]
[0.9500000000000002, -0.2499999999999999, 0.15000000000000013, 0.2500000000000002]
[0.9500000000000002, -0.2499999999999999, 0.2500000000000002, -0.1499999999999999]
[0.9500000000000002, -0.2499999999999999, 0.2500000000000002, -0.04999999999999993]
[0.9500000000000002, -0.2499999999999999, 0.2500000000000002, 0.050000000000000044]
[0.9500000000000002, -0.2499999999999999, 0.2500000000000002, 0.15000000000000013]
[0.9500000000000002, -0.1499999999999999, -0.34999999999999987, -0.04999999999999993]
[0.9500000000000002, -0.1499999999999999, -0.34999999999999987, 0.050000000000000044]
[0.9500000000000002, -0.1499999999999999, -0.2499999999999999, -0.2499999999999999]
[0.9500000000000002, -0.1499999999999999, -0.2499999999999999, -0.1499999999999999]
[0.9500000000000002, -0.1499999999999999, -0.2499999999999999, -0.04999999999999993]
[0.9500000000000002, -0.1499999999999999, -0.2499999999999999, 0.050000000000000044]
[0.9500000000000002, -0.1499999999999999, -0.2499999999999999, 0.15000000000000013]
[0.9500000000000002, -0.1499999999999999, -0.2499999999999999, 0.2500000000000002]
[0.9500000000000002, -0.1499999999999999, -0.1499999999999999, -0.2499999999999999]
[0.9500000000000002, -0.1499999999999999, -0.1499999999999999, -0.1499999999999999]
[0.9500000000000002, -0.1499999999999999, -0.1499999999999999, -0.04999999999999993]
[0.9500000000000002, -0.1499999999999999, -0.1499999999999999, 0.050000000000000044]
[0.9500000000000002, -0.1499999999999999, -0.1499999999999999, 0.15000000000000013]
[0.9500000000000002, -0.1499999999999999, -0.1499999999999999, 0.2500000000000002]
[0.9500000000000002, -0.1499999999999999, -0.04999999999999993, -0.34999999999999987]
[0.9500000000000002, -0.1499999999999999, -0.04999999999999993, -0.2499999999999999]
[0.9500000000000002, -0.1499999999999999, -0.04999999999999993, -0.1499999999999999]
[0.9500000000000002, -0.1499999999999999, -0.04999999999999993, -0.04999999999999993]
[0.9500000000000002, -0.1499999999999999, -0.04999999999999993, 0.050000000000000044]
[0.9500000000000002, -0.1499999999999999, -0.04999999999999993, 0.15000000000000013]
[0.9500000000000002, -0.1499999999999999, -0.04999999999999993, 0.2500000000000002]
[0.9500000000000002, -0.1499999999999999, -0.04999999999999993, 0.3500000000000001]
[0.9500000000000002, -0.1499999999999999, 0.050000000000000044, -0.34999999999999987]
[0.9500000000000002, -0.1499999999999999, 0.050000000000000044, -0.2499999999999999]
[0.9500000000000002, -0.1499999999999999, 0.050000000000000044, -0.1499999999999999]
[0.9500000000000002, -0.1499999999999999, 0.050000000000000044, -0.04999999999999993]
[0.9500000000000002, -0.1499999999999999, 0.050000000000000044, 0.050000000000000044]
[0.9500000000000002, -0.1499999999999999, 0.050000000000000044, 0.15000000000000013]
[0.9500000000000002, -0.1499999999999999, 0.050000000000000044, 0.2500000000000002]
[0.9500000000000002, -0.1499999999999999, 0.050000000000000044, 0.3500000000000001]
[0.9500000000000002, -0.1499999999999999, 0.15000000000000013, -0.2499999999999999]
[0.9500000000000002, -0.1499999999999999, 0.15000000000000013, -0.1499999999999999]
[0.9500000000000002, -0.1499999999999999, 0.15000000000000013, -0.04999999999999993]
[0.9500000000000002, -0.1499999999999999, 0.15000000000000013, 0.050000000000000044]
[0.9500000000000002, -0.1499999999999999, 0.15000000000000013, 0.15000000000000013]
[0.9500000000000002, -0.1499999999999999, 0.15000000000000013, 0.2500000000000002]
[0.9500000000000002, -0.1499999999999999, 0.2500000000000002, -0.2499999999999999]
[0.9500000000000002, -0.1499999999999999, 0.2500000000000002, -0.1499999999999999]
[0.9500000000000002, -0.1499999999999999, 0.2500000000000002, -0.04999999999999993]
[0.9500000000000002, -0.1499999999999999, 0.2500000000000002, 0.050000000000000044]
[0.9500000000000002, -0.1499999999999999, 0.2500000000000002, 0.15000000000000013]
[0.9500000000000002, -0.1499999999999999, 0.2500000000000002, 0.2500000000000002]
[0.9500000000000002, -0.1499999999999999, 0.3500000000000001, -0.04999999999999993]
[0.9500000000000002, -0.1499999999999999, 0.3500000000000001, 0.050000000000000044]
[0.9500000000000002, -0.04999999999999993, -0.34999999999999987, -0.1499999999999999]
[0.9500000000000002, -0.04999999999999993, -0.34999999999999987, -0.04999999999999993]
[0.9500000000000002, -0.04999999999999993, -0.34999999999999987, 0.050000000000000044]
[0.9500000000000002, -0.04999999999999993, -0.34999999999999987, 0.15000000000000013]
[0.9500000000000002, -0.04999999999999993, -0.2499999999999999, -0.2499999999999999]
[0.9500000000000002, -0.04999999999999993, -0.2499999999999999, -0.1499999999999999]
[0.9500000000000002, -0.04999999999999993, -0.2499999999999999, -0.04999999999999993]
[0.9500000000000002, -0.04999999999999993, -0.2499999999999999, 0.050000000000000044]
[0.9500000000000002, -0.04999999999999993, -0.2499999999999999, 0.15000000000000013]
[0.9500000000000002, -0.04999999999999993, -0.2499999999999999, 0.2500000000000002]
[0.9500000000000002, -0.04999999999999993, -0.1499999999999999, -0.34999999999999987]
[0.9500000000000002, -0.04999999999999993, -0.1499999999999999, -0.2499999999999999]
[0.9500000000000002, -0.04999999999999993, -0.1499999999999999, -0.1499999999999999]
[0.9500000000000002, -0.04999999999999993, -0.1499999999999999, -0.04999999999999993]
[0.9500000000000002, -0.04999999999999993, -0.1499999999999999, 0.050000000000000044]
[0.9500000000000002, -0.04999999999999993, -0.1499999999999999, 0.15000000000000013]
[0.9500000000000002, -0.04999999999999993, -0.1499999999999999, 0.2500000000000002]
[0.9500000000000002, -0.04999999999999993, -0.1499999999999999, 0.3500000000000001]
[0.9500000000000002, -0.04999999999999993, -0.04999999999999993, -0.34999999999999987]
[0.9500000000000002, -0.04999999999999993, -0.04999999999999993, -0.2499999999999999]
[0.9500000000000002, -0.04999999999999993, -0.04999999999999993, -0.1499999999999999]
[0.9500000000000002, -0.04999999999999993, -0.04999999999999993, -0.04999999999999993]
[0.9500000000000002, -0.04999999999999993, -0.04999999999999993, 0.050000000000000044]
[0.9500000000000002, -0.04999999999999993, -0.04999999999999993, 0.15000000000000013]
[0.9500000000000002, -0.04999999999999993, -0.04999999999999993, 0.2500000000000002]
[0.9500000000000002, -0.04999999999999993, -0.04999999999999993, 0.3500000000000001]
[0.9500000000000002, -0.04999999999999993, 0.050000000000000044, -0.34999999999999987]
[0.9500000000000002, -0.04999999999999993, 0.050000000000000044, -0.2499999999999999]
[0.9500000000000002, -0.04999999999999993, 0.050000000000000044, -0.1499999999999999]
[0.9500000000000002, -0.04999999999999993, 0.050000000000000044, -0.04999999999999993]
[0.9500000000000002, -0.04999999999999993, 0.050000000000000044, 0.050000000000000044]
[0.9500000000000002, -0.04999999999999993, 0.050000000000000044, 0.15000000000000013]
[0.9500000000000002, -0.04999999999999993, 0.050000000000000044, 0.2500000000000002]
[0.9500000000000002, -0.04999999999999993, 0.050000000000000044, 0.3500000000000001]
[0.9500000000000002, -0.04999999999999993, 0.15000000000000013, -0.34999999999999987]
[0.9500000000000002, -0.04999999999999993, 0.15000000000000013, -0.2499999999999999]
[0.9500000000000002, -0.04999999999999993, 0.15000000000000013, -0.1499999999999999]
[0.9500000000000002, -0.04999999999999993, 0.15000000000000013, -0.04999999999999993]
[0.9500000000000002, -0.04999999999999993, 0.15000000000000013, 0.050000000000000044]
[0.9500000000000002, -0.04999999999999993, 0.15000000000000013, 0.15000000000000013]
[0.9500000000000002, -0.04999999999999993, 0.15000000000000013, 0.2500000000000002]
[0.9500000000000002, -0.04999999999999993, 0.15000000000000013, 0.3500000000000001]
[0.9500000000000002, -0.04999999999999993, 0.2500000000000002, -0.2499999999999999]
[0.9500000000000002, -0.04999999999999993, 0.2500000000000002, -0.1499999999999999]
[0.9500000000000002, -0.04999999999999993, 0.2500000000000002, -0.04999999999999993]
[0.9500000000000002, -0.04999999999999993, 0.2500000000000002, 0.050000000000000044]
[0.9500000000000002, -0.04999999999999993, 0.2500000000000002, 0.15000000000000013]
[0.9500000000000002, -0.04999999999999993, 0.2500000000000002, 0.2500000000000002]
[0.9500000000000002, -0.04999999999999993, 0.3500000000000001, -0.1499999999999999]
[0.9500000000000002, -0.04999999999999993, 0.3500000000000001, -0.04999999999999993]
[0.9500000000000002, -0.04999999999999993, 0.3500000000000001, 0.050000000000000044]
[0.9500000000000002, -0.04999999999999993, 0.3500000000000001, 0.15000000000000013]
[0.9500000000000002, 0.050000000000000044, -0.34999999999999987, -0.1499999999999999]
[0.9500000000000002, 0.050000000000000044, -0.34999999999999987, -0.04999999999999993]
[0.9500000000000002, 0.050000000000000044, -0.34999999999999987, 0.050000000000000044]
[0.9500000000000002, 0.050000000000000044, -0.34999999999999987, 0.15000000000000013]
[0.9500000000000002, 0.050000000000000044, -0.2499999999999999, -0.2499999999999999]
[0.9500000000000002, 0.050000000000000044, -0.2499999999999999, -0.1499999999999999]
[0.9500000000000002, 0.050000000000000044, -0.2499999999999999, -0.04999999999999993]
[0.9500000000000002, 0.050000000000000044, -0.2499999999999999, 0.050000000000000044]
[0.9500000000000002, 0.050000000000000044, -0.2499999999999999, 0.15000000000000013]
[0.9500000000000002, 0.050000000000000044, -0.2499999999999999, 0.2500000000000002]
[0.9500000000000002, 0.050000000000000044, -0.1499999999999999, -0.34999999999999987]
[0.9500000000000002, 0.050000000000000044, -0.1499999999999999, -0.2499999999999999]
[0.9500000000000002, 0.050000000000000044, -0.1499999999999999, -0.1499999999999999]
[0.9500000000000002, 0.050000000000000044, -0.1499999999999999, -0.04999999999999993]
[0.9500000000000002, 0.050000000000000044, -0.1499999999999999, 0.050000000000000044]
[0.9500000000000002, 0.050000000000000044, -0.1499999999999999, 0.15000000000000013]
[0.9500000000000002, 0.050000000000000044, -0.1499999999999999, 0.2500000000000002]
[0.9500000000000002, 0.050000000000000044, -0.1499999999999999, 0.3500000000000001]
[0.9500000000000002, 0.050000000000000044, -0.04999999999999993, -0.34999999999999987]
[0.9500000000000002, 0.050000000000000044, -0.04999999999999993, -0.2499999999999999]
[0.9500000000000002, 0.050000000000000044, -0.04999999999999993, -0.1499999999999999]
[0.9500000000000002, 0.050000000000000044, -0.04999999999999993, -0.04999999999999993]
[0.9500000000000002, 0.050000000000000044, -0.04999999999999993, 0.050000000000000044]
[0.9500000000000002, 0.050000000000000044, -0.04999999999999993, 0.15000000000000013]
[0.9500000000000002, 0.050000000000000044, -0.04999999999999993, 0.2500000000000002]
[0.9500000000000002, 0.050000000000000044, -0.04999999999999993, 0.3500000000000001]
[0.9500000000000002, 0.050000000000000044, 0.050000000000000044, -0.34999999999999987]
[0.9500000000000002, 0.050000000000000044, 0.050000000000000044, -0.2499999999999999]
[0.9500000000000002, 0.050000000000000044, 0.050000000000000044, -0.1499999999999999]
[0.9500000000000002, 0.050000000000000044, 0.050000000000000044, -0.04999999999999993]
[0.9500000000000002, 0.050000000000000044, 0.050000000000000044, 0.050000000000000044]
[0.9500000000000002, 0.050000000000000044, 0.050000000000000044, 0.15000000000000013]
[0.9500000000000002, 0.050000000000000044, 0.050000000000000044, 0.2500000000000002]
[0.9500000000000002, 0.050000000000000044, 0.050000000000000044, 0.3500000000000001]
[0.9500000000000002, 0.050000000000000044, 0.15000000000000013, -0.34999999999999987]
[0.9500000000000002, 0.050000000000000044, 0.15000000000000013, -0.2499999999999999]
[0.9500000000000002, 0.050000000000000044, 0.15000000000000013, -0.1499999999999999]
[0.9500000000000002, 0.050000000000000044, 0.15000000000000013, -0.04999999999999993]
[0.9500000000000002, 0.050000000000000044, 0.15000000000000013, 0.050000000000000044]
[0.9500000000000002, 0.050000000000000044, 0.15000000000000013, 0.15000000000000013]
[0.9500000000000002, 0.050000000000000044, 0.15000000000000013, 0.2500000000000002]
[0.9500000000000002, 0.050000000000000044, 0.15000000000000013, 0.3500000000000001]
[0.9500000000000002, 0.050000000000000044, 0.2500000000000002, -0.2499999999999999]
[0.9500000000000002, 0.050000000000000044, 0.2500000000000002, -0.1499999999999999]
[0.9500000000000002, 0.050000000000000044, 0.2500000000000002, -0.04999999999999993]
[0.9500000000000002, 0.050000000000000044, 0.2500000000000002, 0.050000000000000044]
[0.9500000000000002, 0.050000000000000044, 0.2500000000000002, 0.15000000000000013]
[0.9500000000000002, 0.050000000000000044, 0.2500000000000002, 0.2500000000000002]
[0.9500000000000002, 0.050000000000000044, 0.3500000000000001, -0.1499999999999999]
[0.9500000000000002, 0.050000000000000044, 0.3500000000000001, -0.04999999999999993]
[0.9500000000000002, 0.050000000000000044, 0.3500000000000001, 0.050000000000000044]
[0.9500000000000002, 0.050000000000000044, 0.3500000000000001, 0.15000000000000013]
[0.9500000000000002, 0.15000000000000013, -0.34999999999999987, -0.04999999999999993]
[0.9500000000000002, 0.15000000000000013, -0.34999999999999987, 0.050000000000000044]
[0.9500000000000002, 0.15000000000000013, -0.2499999999999999, -0.2499999999999999]
[0.9500000000000002, 0.15000000000000013, -0.2499999999999999, -0.1499999999999999]
[0.9500000000000002, 0.15000000000000013, -0.2499999999999999, -0.04999999999999993]
[0.9500000000000002, 0.15000000000000013, -0.2499999999999999, 0.050000000000000044]
[0.9500000000000002, 0.15000000000000013, -0.2499999999999999, 0.15000000000000013]
[0.9500000000000002, 0.15000000000000013, -0.2499999999999999, 0.2500000000000002]
[0.9500000000000002, 0.15000000000000013, -0.1499999999999999, -0.2499999999999999]
[0.9500000000000002, 0.15000000000000013, -0.1499999999999999, -0.1499999999999999]
[0.9500000000000002, 0.15000000000000013, -0.1499999999999999, -0.04999999999999993]
[0.9500000000000002, 0.15000000000000013, -0.1499999999999999, 0.050000000000000044]
[0.9500000000000002, 0.15000000000000013, -0.1499999999999999, 0.15000000000000013]
[0.9500000000000002, 0.15000000000000013, -0.1499999999999999, 0.2500000000000002]
[0.9500000000000002, 0.15000000000000013, -0.04999999999999993, -0.34999999999999987]
[0.9500000000000002, 0.15000000000000013, -0.04999999999999993, -0.2499999999999999]
[0.9500000000000002, 0.15000000000000013, -0.04999999999999993, -0.1499999999999999]
[0.9500000000000002, 0.15000000000000013, -0.04999999999999993, -0.04999999999999993]
[0.9500000000000002, 0.15000000000000013, -0.04999999999999993, 0.050000000000000044]
[0.9500000000000002, 0.15000000000000013, -0.04999999999999993, 0.15000000000000013]
[0.9500000000000002, 0.15000000000000013, -0.04999999999999993, 0.2500000000000002]
[0.9500000000000002, 0.15000000000000013, -0.04999999999999993, 0.3500000000000001]
[0.9500000000000002, 0.15000000000000013, 0.050000000000000044, -0.34999999999999987]
[0.9500000000000002, 0.15000000000000013, 0.050000000000000044, -0.2499999999999999]
[0.9500000000000002, 0.15000000000000013, 0.050000000000000044, -0.1499999999999999]
[0.9500000000000002, 0.15000000000000013, 0.050000000000000044, -0.04999999999999993]
[0.9500000000000002, 0.15000000000000013, 0.050000000000000044, 0.050000000000000044]
[0.9500000000000002, 0.15000000000000013, 0.050000000000000044, 0.15000000000000013]
[0.9500000000000002, 0.15000000000000013, 0.050000000000000044, 0.2500000000000002]
[0.9500000000000002, 0.15000000000000013, 0.050000000000000044, 0.3500000000000001]
[0.9500000000000002, 0.15000000000000013, 0.15000000000000013, -0.2499999999999999]
[0.9500000000000002, 0.15000000000000013, 0.15000000000000013, -0.1499999999999999]
[0.9500000000000002, 0.15000000000000013, 0.15000000000000013, -0.04999999999999993]
[0.9500000000000002, 0.15000000000000013, 0.15000000000000013, 0.050000000000000044]
[0.9500000000000002, 0.15000000000000013, 0.15000000000000013, 0.15000000000000013]
[0.9500000000000002, 0.15000000000000013, 0.15000000000000013, 0.2500000000000002]
[0.9500000000000002, 0.15000000000000013, 0.2500000000000002, -0.2499999999999999]
[0.9500000000000002, 0.15000000000000013, 0.2500000000000002, -0.1499999999999999]
[0.9500000000000002, 0.15000000000000013, 0.2500000000000002, -0.04999999999999993]
[0.9500000000000002, 0.15000000000000013, 0.2500000000000002, 0.050000000000000044]
[0.9500000000000002, 0.15000000000000013, 0.2500000000000002, 0.15000000000000013]
[0.9500000000000002, 0.15000000000000013, 0.2500000000000002, 0.2500000000000002]
[0.9500000000000002, 0.15000000000000013, 0.3500000000000001, -0.04999999999999993]
[0.9500000000000002, 0.15000000000000013, 0.3500000000000001, 0.050000000000000044]
[0.9500000000000002, 0.2500000000000002, -0.2499999999999999, -0.1499999999999999]
[0.9500000000000002, 0.2500000000000002, -0.2499999999999999, -0.04999999999999993]
[0.9500000000000002, 0.2500000000000002, -0.2499999999999999, 0.050000000000000044]
[0.9500000000000002, 0.2500000000000002, -0.2499999999999999, 0.15000000000000013]
[0.9500000000000002, 0.2500000000000002, -0.1499999999999999, -0.2499999999999999]
[0.9500000000000002, 0.2500000000000002, -0.1499999999999999, -0.1499999999999999]
[0.9500000000000002, 0.2500000000000002, -0.1499999999999999, -0.04999999999999993]
[0.9500000000000002, 0.2500000000000002, -0.1499999999999999, 0.050000000000000044]
[0.9500000000000002, 0.2500000000000002, -0.1499999999999999, 0.15000000000000013]
[0.9500000000000002, 0.2500000000000002, -0.1499999999999999, 0.2500000000000002]
[0.9500000000000002, 0.2500000000000002, -0.04999999999999993, -0.2499999999999999]
[0.9500000000000002, 0.2500000000000002, -0.04999999999999993, -0.1499999999999999]
[0.9500000000000002, 0.2500000000000002, -0.04999999999999993, -0.04999999999999993]
[0.9500000000000002, 0.2500000000000002, -0.04999999999999993, 0.050000000000000044]
[0.9500000000000002, 0.2500000000000002, -0.04999999999999993, 0.15000000000000013]
[0.9500000000000002, 0.2500000000000002, -0.04999999999999993, 0.2500000000000002]
[0.9500000000000002, 0.2500000000000002, 0.050000000000000044, -0.2499999999999999]
[0.9500000000000002, 0.2500000000000002, 0.050000000000000044, -0.1499999999999999]
[0.9500000000000002, 0.2500000000000002, 0.050000000000000044, -0.04999999999999993]
[0.9500000000000002, 0.2500000000000002, 0.050000000000000044, 0.050000000000000044]
[0.9500000000000002, 0.2500000000000002, 0.050000000000000044, 0.15000000000000013]
[0.9500000000000002, 0.2500000000000002, 0.050000000000000044, 0.2500000000000002]
[0.9500000000000002, 0.2500000000000002, 0.15000000000000013, -0.2499999999999999]
[0.9500000000000002, 0.2500000000000002, 0.15000000000000013, -0.1499999999999999]
[0.9500000000000002, 0.2500000000000002, 0.15000000000000013, -0.04999999999999993]
[0.9500000000000002, 0.2500000000000002, 0.15000000000000013, 0.050000000000000044]
[0.9500000000000002, 0.2500000000000002, 0.15000000000000013, 0.15000000000000013]
[0.9500000000000002, 0.2500000000000002, 0.15000000000000013, 0.2500000000000002]
[0.9500000000000002, 0.2500000000000002, 0.2500000000000002, -0.1499999999999999]
[0.9500000000000002, 0.2500000000000002, 0.2500000000000002, -0.04999999999999993]
[0.9500000000000002, 0.2500000000000002, 0.2500000000000002, 0.050000000000000044]
[0.9500000000000002, 0.2500000000000002, 0.2500000000000002, 0.15000000000000013]
[0.9500000000000002, 0.3500000000000001, -0.1499999999999999, -0.04999999999999993]
[0.9500000000000002, 0.3500000000000001, -0.1499999999999999, 0.050000000000000044]
[0.9500000000000002, 0.3500000000000001, -0.04999999999999993, -0.1499999999999999]
[0.9500000000000002, 0.3500000000000001, -0.04999999999999993, -0.04999999999999993]
[0.9500000000000002, 0.3500000000000001, -0.04999999999999993, 0.050000000000000044]
[0.9500000000000002, 0.3500000000000001, -0.04999999999999993, 0.15000000000000013]
[0.9500000000000002, 0.3500000000000001, 0.050000000000000044, -0.1499999999999999]
[0.9500000000000002, 0.3500000000000001, 0.050000000000000044, -0.04999999999999993]
[0.9500000000000002, 0.3500000000000001, 0.050000000000000044, 0.050000000000000044]
[0.9500000000000002, 0.3500000000000001, 0.050000000000000044, 0.15000000000000013]
[0.9500000000000002, 0.3500000000000001, 0.15000000000000013, -0.04999999999999993]
[0.9500000000000002, 0.3500000000000001, 0.15000000000000013, 0.050000000000000044]