0 1029.7601318359375 15.790858745574951 943.1925156712532 70.77688473463058
1 759.8265991210938 10.403463244438171 702.7932897210121 46.629808470606804
2 532.771728515625 6.161750257015228 498.99217262864113 27.61784490197897
3 348.84173583984375 3.059819906949997 332.06731900572777 13.71454994007945
4 207.47943115234375 1.0663701593875885 201.6333995014429 4.77962339296937
5 107.02601623535156 0.11601071804761887 106.39003604650497 0.5199766112491488
6 44.409183502197266 0.1005078898742795 43.85818815790117 0.45049072068650275
7 14.894895553588867 0.8625166118144989 10.166456864681095 3.8659226708114147
8 12.046534538269043 2.1961686313152313 0.006824945241987734 9.843541543930769
9 10.75588321685791 3.859055280685425 6.896824329160154 0.0
10 30.026750564575195 5.646221101284027 24.380523916333914 0.0
11 53.81669616699219 7.3488898277282715 46.4677878562361 0.0
12 76.77651977539062 8.793172717094421 67.9833436012268 0.0
13 94.92899322509766 9.856947898864746 85.0720270164311 0.0
14 105.91090393066406 10.476625800132751 95.43429229408503 0.0
15 108.91796875 10.643665671348572 98.27427165582776 0.0
16 104.43402099609375 10.394188165664673 94.0398371592164 0.0
17 93.85384368896484 9.795406937599182 84.05846958979964 0.0
18 79.09561157226562 8.93226969242096 70.16334354877472 0.0
19 62.256229400634766 7.895872473716736 54.36035920865834 0.0
20 45.33383560180664 6.774287223815918 38.55956110171974 0.0
21 30.02194595336914 5.645841836929321 24.37610378023237 0.0
22 17.5718936920166 4.57459568977356 12.997302538715303 0.0
23 8.720464706420898 3.607803702354431 5.1126595691312104 0.0
24 3.6776814460754395 2.775163233280182 0.9025166093488224 0.0
25 11.538326263427734 2.089710295200348 0.08223508906667121 9.36638007313013
26 10.510998725891113 1.5325746089220047 2.1092068817233667 6.869218336418271
27 12.326391220092773 1.1032234728336334 6.278364441823214 4.944805208593607
28 15.976449012756348 0.7899665534496307 11.645741956308484 3.5407429449260235
29 20.34630584716797 0.5745801776647568 17.196371015161276 2.5753504391759634
30 24.40291976928711 0.4369877427816391 22.007288900204003 1.9586414899677038
31 27.34752082824707 0.3591969832777977 25.378358545713127 1.6099721929058433
32 28.708782196044922 0.32790399715304375 26.911167721264064 1.4697125586681068
33 28.3677978515625 0.3354973942041397 26.528552258387208 1.5037472490221262
34 26.520904541015625 0.37954554334282875 24.44018506910652 1.7011773460544646
35 23.596113204956055 0.46114425361156464 21.068061757832766 2.0669144224375486
36 20.144704818725586 0.5826395452022552 16.950590736232698 2.611473675817251
37 16.72927474975586 0.7452778220176697 12.643555216491222 3.3404416665434837
38 13.827003479003906 0.9472536146640778 8.634022471960634 4.2457260228693485
39 11.761049270629883 1.182496502995491 5.278435631189495 5.300118254497647
40 10.667211532592773 1.4404016882181168 2.7707224123878404 6.456086138263345
41 10.497063636779785 1.7065070569515228 1.1417441474623047 7.648808415979147
42 11.052685737609863 1.9639703929424286 0.28592169808689505 8.802795868366957
43 12.043359756469727 2.1955544650554657 0.007018482388048142 9.840788763016462
44 2.458143949508667 2.385753035545349 0.07239147915242938 0.0
45 2.87374210357666 2.5524274110794067 0.3213150975352619 0.0
46 3.3292651176452637 2.6874970495700836 0.6417692116519902 0.0
47 3.7196097373962402 2.7850827276706696 0.9345261246198788 0.0
48 3.969658136367798 2.8419773876667023 1.1276800313498825 0.0
49 4.042131423950195 2.8578180372714996 1.1843133333604783 0.0
50 3.9379019737243652 2.8349509835243225 1.1029525834601372 0.0
51 3.6897706985473633 2.7780354619026184 0.9117340273223817 0.0
52 3.351698398590088 2.693464308977127 0.6582348453230225 0.0
53 2.9859724044799805 2.588677614927292 0.39729507348965853 0.0
54 2.650799512863159 2.4714755415916443 0.17932530125108315 0.0
55 2.3905186653137207 2.349409371614456 0.041109145822701976 0.0
56 12.22172737121582 2.229297310113907 0.00040388957188497443 9.992029014974833
57 11.529387474060059 2.0876602232456207 0.08453484610072337 9.357191357761621
58 10.963866233825684 1.9363961219787598 0.34826833216357045 8.679204046726227
59 10.60095500946045 1.786275863647461 0.8083369099767879 8.006343603134155
60 10.462972640991211 1.6462019383907318 1.4382563371327706 7.378512259572744
61 10.522299766540527 1.522869884967804 2.1737100067548454 6.825720377266407
62 10.715078353881836 1.4207766354084015 2.9261775634950027 6.368123847991228
63 10.960618019104004 1.3424676209688187 3.6010215140413493 6.017131658270955
64 11.181626319885254 1.2889150977134705 4.1156114905606955 5.777101598680019
65 11.320523262023926 1.2598959505558014 4.413594250800088 5.6470336355268955
66 11.348952293395996 1.2542915791273117 4.472745830425993 5.621914042159915
67 11.269272804260254 1.2702721059322357 4.305459130555391 5.693541046231985
68 11.108941078186035 1.3053687661886215 3.952719448134303 5.850849291309714
69 10.910078048706055 1.3564804792404175 3.4736606921069324 6.079939290881157
70 10.717401504516602 1.4198766648769379 2.933432405698113 6.364090051501989
71 10.567366600036621 1.4912563860416412 2.3920890170847997 6.684024158865213
72 10.481032371520996 1.5659059584140778 1.8965157761704177 7.0186142064630985
73 10.46156120300293 1.6389535665512085 1.4765863059437834 7.3460240215063095
74 10.496355056762695 1.7057138979434967 1.1453906775568612 7.645253363996744
75 10.562579154968262 1.7620651125907898 0.9026855081901886 7.897827558219433
76 10.634237289428711 1.8047986924648285 0.7400694674288388 8.089365568012
77 10.688899993896484 1.8318873047828674 0.6462278739491012 8.21078059822321
78 10.712502479553223 1.84262353181839 0.610975685849553 8.25890190154314
79 10.701350212097168 1.8376134037971497 0.6272908618848305 8.236445792019367
80 10.661263465881348 1.8186297416687012 0.6912742942222394 8.151358306407928
81 10.604520797729492 1.7883540987968445 0.8005098767171148 8.015658549964428
82 10.54572582244873 1.750054031610489 0.9516800416167825 7.843992177397013
83 10.497716903686523 1.7072419077157974 1.138372540299315 7.652102122083306
84 10.468635559082031 1.6633638590574265 1.3498351225280203 7.455434439703822
85 10.460603713989258 1.621541514992714 1.5710832556942478 7.2679807189852
86 10.470209121704102 1.5843925923109055 1.7843437270494178 7.10147394053638
87 10.490250587463379 1.5539193898439407 1.9714413158362731 6.964888693764806
88 10.51223087310791 1.531466543674469 2.1165128867141902 6.864251829683781
89 10.528768539428711 1.517726868391037 2.2083731036400422 6.802668642252684
90 10.535307884216309 1.5127779692411423 2.2420410945778713 6.780486969277263
91 10.530832290649414 1.5161413848400116 2.2191257134545594 6.795562278479338
92 10.517516136169434 1.5268570631742477 2.1470681665232405 6.843591479584575
93 10.499608039855957 1.5435700416564941 2.0375387062085792 6.918501436710358
94 10.481935501098633 1.5646314173936844 1.9044012151425704 7.012901531532407
95 10.468485832214355 1.5882065147161484 1.7617069673724473 7.1185684856027365
96 10.4614839553833 1.6124064177274704 1.6220421114121564 7.227035908028483
97 10.461091041564941 1.6354190856218338 1.4954908532672562 7.330181973055005
98 10.465682029724121 1.6556384861469269 1.3892330374801531 7.4208082146942616
99 10.472593307495117 1.6717785000801086 1.3076666090637445 7.493150062859058
100 10.479052543640137 1.6829569935798645 1.2528430108795874 7.543253667652607
101 10.482931137084961 1.6887454688549042 1.2249850784428418 7.569198440760374
102 10.483230590820312 1.6891741752624512 1.2229364094673656 7.571119964122772
103 10.480179786682129 1.684694766998291 1.244440807204228 7.55104261636734
104 10.474940299987793 1.6761090606451035 1.2862677217344753 7.512560253962874
105 10.469109535217285 1.6644685864448547 1.3442542692064308 7.460385985672474
106 10.464217185974121 1.65096715092659 1.4133782775024883 7.399870622903109
107 10.461262702941895 1.6368289142847061 1.4879327328526415 7.3365010265260935
108 10.460545539855957 1.6232098191976547 1.5618807345163077 7.275458296760917
109 10.461688041687012 1.6111104935407639 1.6293495547142811 7.221227390691638
110 10.463844299316406 1.601319819688797 1.6851788407075219 7.177344191819429
111 10.46605110168457 1.5943735241889954 1.725466864882037 7.14620990306139
112 10.467508316040039 1.5905400961637497 1.7479406844358891 7.129027931019664
113 10.467796325683594 1.589829444885254 1.752125348430127 7.1258426904678345
114 10.466927528381348 1.592008650302887 1.7393106111558154 7.1356102004647255
115 10.465267181396484 1.596644103527069 1.7122356337495148 7.156386964023113
116 10.463353157043457 1.6031490713357925 1.6746630385750905 7.185543159022927
117 10.461735725402832 1.6108392924070358 1.6308810480404645 7.22001182846725
118 10.460755348205566 1.6189905554056168 1.5852171299047768 7.256546953693032
119 10.460536003112793 1.6268997192382812 1.5416370166349225 7.291996955871582
120 10.460936546325684 1.6339420825242996 1.5034334137453698 7.323561834171414
121 10.461671829223633 1.6396148800849915 1.4730647034593858 7.348988123238087
122 10.462393760681152 1.643570140004158 1.4521046038134955 7.3667161632329226
123 10.462838172912598 1.6456339806318283 1.4412384701427072 7.375966591760516
124 10.462878227233887 1.6458061933517456 1.4403337723342702 7.376738473773003
125 10.462532043457031 1.6442473083734512 1.4485348179005086 7.369751328602433
126 10.461945533752441 1.6412493884563446 1.4643816181342117 7.356314223259687
127 10.461311340332031 1.6372009813785553 1.4859419045387767 7.3381686843931675
128 10.46081256866455 1.6325435191392899 1.5109753017895855 7.317293273285031
129 10.460555076599121 1.6277304291725159 1.5371009937371127 7.295720316469669
130 10.460548400878906 1.6231867671012878 1.5620066894916818 7.275354973971844
131 10.460735321044922 1.6192745864391327 1.5836403297726065 7.257820021361113
132 10.460992813110352 1.6162691563367844 1.600377239228692 7.24434925429523
133 10.461219787597656 1.6143448799848557 1.6111493689822964 7.235724372789264
134 10.461320877075195 1.6135642379522324 1.6155298487865366 7.232225423678756
135 10.46127700805664 1.6138897836208344 1.6137026797514409 7.233684565871954
136 10.461115837097168 1.6151893585920334 1.6064168111188337 7.239509446546435
137 10.460898399353027 1.6172614395618439 1.5948406653478742 7.248796809464693
138 10.460700035095215 1.619852140545845 1.5804363886127248 7.260408701375127
139 10.460564613342285 1.622685045003891 1.564771329285577 7.273106183856726
140 10.460521697998047 1.6254873871803284 1.5493667070404626 7.285666681826115
141 10.460556983947754 1.6280133128166199 1.5355599459144287 7.296988241374493
142 10.46064281463623 1.630060464143753 1.5244209440425038 7.306163866072893
143 10.460739135742188 1.6314902156591415 1.5166712200152688 7.312572216615081
144 10.460787773132324 1.6322295516729355 1.5126717899693176 7.315886026248336
145 10.460792541503906 1.632276490330696 1.5124177225516178 7.3160964120179415
146 10.460745811462402 1.6316921561956406 1.5155774870072491 7.3134773429483175
147 10.460675239562988 1.6305889934301376 1.521553875936661 7.308532809838653
148 10.460602760314941 1.6291164755821228 1.5295521196094342 7.301932774484158
149 10.460546493530273 1.6274436861276627 1.5386660819058307 7.294435093179345
150 10.460522651672363 1.6257444024085999 1.54795890848618 7.286818660795689
151 10.460533142089844 1.6241773813962936 1.5565572361811064 7.279795048758388
152 10.460556983947754 1.6228759288787842 1.5637198209878989 7.273961752653122
153 10.460589408874512 1.6219356954097748 1.5689064742764458 7.269747491925955
154 10.460613250732422 1.6214108169078827 1.5718068290152587 7.267394911497831
155 10.460616111755371 1.6213108897209167 1.572358626872301 7.266947023570538
156 10.460606575012207 1.6216050386428833 1.570732513209805 7.268265441060066
157 10.460576057434082 1.622228279709816 1.5672923807869665 7.271058896556497
158 10.460549354553223 1.623091846704483 1.5625294129131362 7.274929527193308
159 10.460532188415527 1.624092474579811 1.5570243791444227 7.279414484277368
160 10.460525512695312 1.6251200139522552 1.5513809592812322 7.284020062536001
161 10.460525512695312 1.6260748505592346 1.5461485882406123 7.288299776613712
162 10.460532188415527 1.6268723905086517 1.5417870119563304 7.291874464601278
163 10.460543632507324 1.6274502575397491 1.5386311514885165 7.29446454718709
164 10.460556030273438 1.6277728825807571 1.5368704529828392 7.295910598710179
165 10.460555076599121 1.6278317123651505 1.5365483739878982 7.296174282208085
166 10.460551261901855 1.6276473999023438 1.5375542672700249 7.295348167419434
167 10.460543632507324 1.6272595822811127 1.5396718724514358 7.293609913438559
168 10.460527420043945 1.6267267763614655 1.5425822953693569 7.291221801191568
169 10.46052360534668 1.626115322113037 1.5459290402941406 7.288481175899506
170 10.46052074432373 1.625490203499794 1.5493519129813649 7.285679304972291
171 10.460522651672363 1.6249170303344727 1.552496164222248 7.28311026096344
172 10.460527420043945 1.624446913599968 1.5550759810139425 7.281003130599856
173 10.460531234741211 1.6241165697574615 1.5568915408221073 7.279522482305765
174 10.460532188415527 1.623946338891983 1.5578274705330841 7.278759483247995
175 10.460531234741211 1.623937577009201 1.5578766813268885 7.278720211237669
176 10.460532188415527 1.6240750551223755 1.5571196158998646 7.279336407780647
177 10.460531234741211 1.624332070350647 1.5557076051482 7.280488386750221
178 10.46052360534668 1.6246714890003204 1.5538427318097092 7.282009709626436
179 10.460518836975098 1.625050961971283 1.5517606734647416 7.283710561692715
180 10.46052360534668 1.6254288703203201 1.5496892997180112 7.285404400900006
181 10.460524559020996 1.6257666200399399 1.547838193073403 7.286918243393302
182 10.460526466369629 1.6260328143835068 1.5463790262583643 7.288111364468932
183 10.460526466369629 1.6262071132659912 1.545425528602209 7.288892596960068
184 10.460527420043945 1.6262802332639694 1.5450262944796123 7.28922033123672
185 10.460527420043945 1.6262540519237518 1.5451686872984283 7.289102982729673
186 10.46052360534668 1.6261408776044846 1.5457881885231473 7.288595719262958
187 10.460527420043945 1.6259611546993256 1.5467729180818424 7.287790175527334
188 10.46052074432373 1.6257387697696686 1.5479901403887197 7.286793414503336
189 10.460522651672363 1.6255013644695282 1.5492910929606296 7.285729330033064
190 10.460517883300781 1.6252761632204056 1.5505256777396426 7.284719945862889
191 10.46052074432373 1.6250859051942825 1.551568042486906 7.283867182210088
192 10.460524559020996 1.6249460279941559 1.5523354843026027 7.283240232616663
193 10.46052074432373 1.6248664408922195 1.5527723199920729 7.282883511856198
194 10.460524559020996 1.6248502731323242 1.552862008975353 7.2828110456466675
195 10.460519790649414 1.6248940825462341 1.552621708251536 7.283007405698299
196 10.46052360534668 1.62498639523983 1.5521139843622223 7.283421164378524
197 10.460522651672363 1.6251137554645538 1.551415992435068 7.283992011100054
198 10.46052074432373 1.6252585351467133 1.5506223528063856 7.284640934318304
199 10.460516929626465 1.6254032105207443 1.5498280967585742 7.285289390012622
200 10.46052360534668 1.625532552599907 1.5491197284427471 7.2858691196888685
201 10.46052360534668 1.6256330013275146 1.548570396262221 7.286319345235825
202 10.460522651672363 1.6256975680589676 1.5482159552630037 7.2866087425500154
203 10.460522651672363 1.62572281062603 1.5480780828511342 7.28672188334167
204 10.460521697998047 1.6257097721099854 1.5481482518953271 7.286663442850113
205 10.460522651672363 1.6256642937660217 1.5483974906965159 7.286459602415562
206 10.460525512695312 1.6255926340818405 1.5487908688373864 7.286138413473964
207 10.460522651672363 1.6255050152540207 1.549270134710241 7.2857456933707
208 10.460522651672363 1.6254145801067352 1.549767276737839 7.28534035012126
209 10.460522651672363 1.6253304034471512 1.550227125408128 7.284963058307767
210 10.460521697998047 1.625261664390564 1.550605195807293 7.284654960036278
211 10.46052074432373 1.6252142041921616 1.5508655301528051 7.28444223664701
212 10.46052360534668 1.6251916736364365 1.5509879920864478 7.284341251477599
213 10.46052360534668 1.6251942813396454 1.5509747390751727 7.284352939575911
214 10.46052074432373 1.625219002366066 1.550839024130255 7.284463742747903
215 10.460515975952148 1.625261664390564 1.550604373915121 7.284654960036278
216 10.460517883300781 1.6253150701522827 1.5503112666192465 7.284894332289696
217 10.46052074432373 1.6253710836172104 1.5500050090486184 7.285145392641425
218 10.460521697998047 1.6254231333732605 1.549720531620551 7.285378687083721
219 10.460521697998047 1.6254663169384003 1.549482080154121 7.285572241991758
220 10.460521697998047 1.6254964619874954 1.5493168798275292 7.285707356408238
221 10.460524559020996 1.625512108206749 1.5492319167242385 7.285777484998107
222 10.460522651672363 1.625513568520546 1.5492241087486036 7.285784030333161
223 10.460521697998047 1.6254995912313461 1.5493004419840872 7.285721382126212
224 10.46052074432373 1.6254748702049255 1.5494353350368328 7.28561057895422
225 10.460519790649414 1.6254430562257767 1.5496106035425328 7.28546798415482
226 10.460522651672363 1.6254071742296219 1.5498062138794921 7.285307155922055
227 10.46052074432373 1.6253736913204193 1.5499909341451712 7.285157080739737
228 10.460519790649414 1.625344693660736 1.5501506894361228 7.2850271090865135
229 10.460518836975098 1.6253241449594498 1.550261439406313 7.2849350068718195
230 10.460521697998047 1.625313401222229 1.550320615642704 7.284886851906776
231 10.46052074432373 1.625311627984047 1.5503299646661617 7.284878903999925
232 10.460517883300781 1.6253193467855453 1.5502886645845138 7.2849135007709265
233 10.460521697998047 1.625333845615387 1.5502091465168633 7.284978486597538
234 10.46052360534668 1.6253537684679031 1.5501000403310172 7.285067783668637
235 10.46052074432373 1.625376507639885 1.5499745990382507 7.285169703885913
236 10.460519790649414 1.6253980994224548 1.549856143828947 7.2852664813399315
237 10.460518836975098 1.625416561961174 1.5497555647743866 7.285349233075976
238 10.460518836975098 1.6254310607910156 1.5496768685989082 7.285414218902588
239 10.460521697998047 1.625439926981926 1.5496277605416253 7.285453958436847
240 10.460524559020996 1.6254435777664185 1.5496066995547153 7.285470321774483
241 10.460525512695312 1.625440239906311 1.5496262194938026 7.285455361008644
242 10.460519790649414 1.6254299134016037 1.5496831355267204 7.285409076139331
243 10.46052360534668 1.625416874885559 1.549754023726564 7.285350635647774
244 10.460522651672363 1.6254028975963593 1.5498303569620475 7.2852879874408245
245 10.460522651672363 1.6253890246152878 1.5499075120897032 7.285225806757808
246 10.46052360534668 1.625375360250473 1.5499815851217136 7.285164561122656
247 10.460521697998047 1.625364512205124 1.5500408640946262 7.28511593863368
248 10.46052074432373 1.6253591924905777 1.5500704522128217 7.285092094913125
249 10.46052074432373 1.6253588795661926 1.5500711713684723 7.285090692341328
250 10.460525512695312 1.6253634691238403 1.5500463091302663 7.285111263394356
251 10.46052074432373 1.6253722310066223 1.5499987421208061 7.285150535404682
252 10.460522651672363 1.6253816187381744 1.5499480930157006 7.285192612558603
253 10.460522651672363 1.6253906935453415 1.549896622018423 7.285233287140727
254 10.460522651672363 1.62539841234684 1.549855321936775 7.285267883911729
255 10.460522651672363 1.6254038363695145 1.5498249119264074 7.285292195156217
256 10.460522651672363 1.6254071742296219 1.5498070357716642 7.285307155922055
257 10.460518836975098 1.6254083216190338 1.5497999469516799 7.285312298685312
258 10.46052360534668 1.625407800078392 1.5498031317838468 7.28530996106565
259 10.460518836975098 1.6254055052995682 1.5498155629029498 7.285299675539136
260 10.460526466369629 1.6254020631313324 1.5498358019976877 7.285284247249365
261 10.460524559020996 1.625396952033043 1.54986312991241 7.2852613385766745
262 10.46052360534668 1.6253913193941116 1.5498950809706002 7.285236092284322
263 10.460522651672363 1.6253850609064102 1.5499293949687853 7.285208040848374
264 10.460519790649414 1.6253796368837357 1.5499581611948088 7.285183729603887
265 10.46052074432373 1.6253759860992432 1.5499785030260682 7.285167366266251
266 10.460522651672363 1.625374212861061 1.5499885712051764 7.285159418359399
267 10.46052074432373 1.6253736913204193 1.5499902149895206 7.285157080739737
268 10.46052074432373 1.625375047326088 1.5499831261695363 7.2851631585508585
269 10.460522651672363 1.6253776550292969 1.5499691540026106 7.28517484664917
270 10.460522651672363 1.6253810971975327 1.5499504559556954 7.285190274938941
271 10.460522651672363 1.6253850609064102 1.5499285730766132 7.285208040848374
272 10.460522651672363 1.6253890246152878 1.5499059710418805 7.285225806757808
273 10.460518836975098 1.6253918409347534 1.5498903550906107 7.285238429903984
274 10.460524559020996 1.6253936141729355 1.5498818279593252 7.285246377810836
275 10.460522651672363 1.6253941357135773 1.5498794650193304 7.285248715430498
276 10.460522651672363 1.6253933012485504 1.5498833690071478 7.2852449752390385
277 10.460519790649414 1.6253918409347534 1.5498919988749549 7.285238429903984
278 10.460522651672363 1.6253893375396729 1.54990525188623 7.285227209329605
279 10.460522651672363 1.6253862082958221 1.5499215869931504 7.285213183611631
280 10.460524559020996 1.6253827661275864 1.5499411069322377 7.28519775532186
281 10.46052074432373 1.6253799498081207 1.5499559009913355 7.285185132175684
282 10.460522651672363 1.6253788024187088 1.5499628870747983 7.285179989412427
283 10.460524559020996 1.6253788024187088 1.5499637089669704 7.285179989412427
284 10.460519790649414 1.6253796368837357 1.5499581611948088 7.285183729603887
285 10.460516929626465 1.6253816187381744 1.5499472711235285 7.285192612558603
286 10.46052074432373 1.62538443505764 1.5499317579087801 7.28520523570478
287 10.460524559020996 1.625387355685234 1.5499153200653382 7.285218326374888
288 10.460522651672363 1.6253893375396729 1.54990525188623 7.285227209329605
289 10.460522651672363 1.6253901720046997 1.5499005260062404 7.285230949521065
290 10.460527420043945 1.6253901720046997 1.5499013478984125 7.285230949521065
291 10.460522651672363 1.6253890246152878 1.5499075120897032 7.285225806757808
292 10.460522651672363 1.625387042760849 1.549917683005333 7.285216923803091
293 10.46052074432373 1.62538443505764 1.5499317579087801 7.28520523570478
294 10.460524559020996 1.6253827661275864 1.5499418260878883 7.28519775532186
295 10.460522651672363 1.6253816187381744 1.5499480930157006 7.285192612558603
296 10.460522651672363 1.6253816187381744 1.5499480930157006 7.285192612558603
297 10.46052360534668 1.6253824532032013 1.5499426479800604 7.285196352750063
298 10.460524559020996 1.6253839135169983 1.5499348400044255 7.285202898085117
299 10.460522651672363 1.625385582447052 1.5499246690887958 7.285210378468037
300 10.460518836975098 1.625386729836464 1.5499200459453277 7.285215521231294
301 10.460516929626465 1.6253864169120789 1.5499207651009783 7.285214118659496
302 10.460522651672363 1.625385582447052 1.5499262101366185 7.285210378468037
303 10.460524559020996 1.6253839135169983 1.549935559160076 7.285202898085117
304 10.460524559020996 1.6253827661275864 1.5499411069322377 7.28519775532186
305 10.460522651672363 1.6253821402788162 1.549943367135711 7.285194950178266
306 10.46052360534668 1.6253824532032013 1.5499426479800604 7.285196352750063
307 10.460516929626465 1.6253830790519714 1.5499394631478935 7.285199157893658
308 10.460518836975098 1.6253839135169983 1.5499340181122534 7.285202898085117
309 10.460522651672363 1.625385582447052 1.5499262101366185 7.285210378468037
310 10.460522651672363 1.625385895371437 1.5499239499331452 7.285211781039834
311 10.460522651672363 1.625385582447052 1.5499262101366185 7.285210378468037
312 10.460519790649414 1.6253842264413834 1.5499332989566028 7.285204300656915
313 10.46052360534668 1.6253836005926132 1.5499363810522482 7.28520149551332
314 10.460518836975098 1.6253832876682281 1.5499372029444203 7.285200092941523
315 10.460524559020996 1.6253839135169983 1.5499348400044255 7.285202898085117
316 10.46052074432373 1.6253847479820251 1.549930114124436 7.285206638276577
317 10.460522651672363 1.6253862082958221 1.549923128040973 7.285213183611631
318 10.460522651672363 1.6253862082958221 1.5499215869931504 7.285213183611631
319 10.460522651672363 1.625385582447052 1.5499246690887958 7.285210378468037
320 10.46052074432373 1.62538443505764 1.5499324770644307 7.28520523570478
321 10.46052360534668 1.6253836005926132 1.5499363810522482 7.28520149551332
322 10.460518836975098 1.6253832876682281 1.5499372029444203 7.285200092941523
323 10.460524559020996 1.6253839135169983 1.549935559160076 7.285202898085117
324 10.46052074432373 1.62538443505764 1.549930936016608 7.28520523570478
325 10.460522651672363 1.625385895371437 1.5499239499331452 7.285211781039834
326 10.460522651672363 1.6253862082958221 1.549922306148801 7.285213183611631
327 10.460522651672363 1.625385582447052 1.5499262101366185 7.285210378468037
328 10.460518836975098 1.6253839135169983 1.5499340181122534 7.285202898085117
329 10.46052074432373 1.6253832876682281 1.549938743992243 7.285200092941523
330 10.460516929626465 1.6253827661275864 1.5499402850400656 7.28519775532186
331 10.46052074432373 1.6253832876682281 1.549938743992243 7.285200092941523
332 10.460518836975098 1.6253839135169983 1.5499340181122534 7.285202898085117
333 10.46052074432373 1.625385269522667 1.5499270320287906 7.285208975896239
334 10.460522651672363 1.625385582447052 1.5499254909809679 7.285210378468037
335 10.460522651672363 1.6253850609064102 1.5499293949687853 7.285208040848374
336 10.46052074432373 1.6253847479820251 1.549930114124436 7.285206638276577
337 10.460522651672363 1.6253850609064102 1.5499278539209627 7.285208040848374
338 10.460522651672363 1.6253862082958221 1.549923128040973 7.285213183611631
339 10.460522651672363 1.625385895371437 1.5499239499331452 7.285211781039834
340 10.460522651672363 1.6253850609064102 1.5499293949687853 7.285208040848374
341 10.46052074432373 1.62538443505764 1.5499317579087801 7.28520523570478
342 10.46052074432373 1.62538443505764 1.549930936016608 7.28520523570478
343 10.46052074432373 1.625385269522667 1.5499270320287906 7.285208975896239
344 10.460522651672363 1.6253850609064102 1.5499285730766132 7.285208040848374
345 10.46052074432373 1.625385269522667 1.5499270320287906 7.285208975896239
346 10.46052074432373 1.62538443505764 1.549930936016608 7.28520523570478
347 10.46052074432373 1.62538443505764 1.5499317579087801 7.28520523570478
348 10.460522651672363 1.6253850609064102 1.5499293949687853 7.285208040848374
349 10.460522651672363 1.625385582447052 1.5499246690887958 7.285210378468037
350 10.460522651672363 1.625385582447052 1.5499254909809679 7.285210378468037
351 10.46052074432373 1.62538443505764 1.549930936016608 7.28520523570478
352 10.460519790649414 1.6253842264413834 1.5499332989566028 7.285204300656915
353 10.46052074432373 1.62538443505764 1.5499324770644307 7.28520523570478
354 10.460522651672363 1.6253850609064102 1.5499285730766132 7.285208040848374
355 10.460522651672363 1.6253862082958221 1.549922306148801 7.285213183611631
356 10.460522651672363 1.6253862082958221 1.5499215869931504 7.285213183611631
357 10.460522651672363 1.625385582447052 1.5499262101366185 7.285210378468037
358 10.460524559020996 1.6253839135169983 1.549935559160076 7.285202898085117
359 10.460524559020996 1.6253827661275864 1.5499411069322377 7.28519775532186
360 10.46052360534668 1.6253824532032013 1.5499426479800604 7.285196352750063
361 10.460524559020996 1.6253827661275864 1.5499411069322377 7.28519775532186
362 10.46052360534668 1.6253836005926132 1.5499363810522482 7.28520149551332
363 10.460522651672363 1.6253850609064102 1.5499293949687853 7.285208040848374
364 10.460518836975098 1.625386729836464 1.5499200459453277 7.285215521231294
365 10.460524559020996 1.625387355685234 1.5499168611131608 7.285218326374888
366 10.460518836975098 1.625386729836464 1.5499192240531556 7.285215521231294
367 10.46052074432373 1.625385269522667 1.5499270320287906 7.285208975896239
368 10.46052074432373 1.6253832876682281 1.549938743992243 7.285200092941523
369 10.460516929626465 1.6253816187381744 1.549946551967878 7.285192612558603
370 10.460516929626465 1.6253816187381744 1.5499472711235285 7.285192612558603
371 10.460524559020996 1.6253827661275864 1.5499411069322377 7.28519775532186
372 10.46052074432373 1.62538443505764 1.5499324770644307 7.28520523570478
373 10.460522651672363 1.6253862082958221 1.5499215869931504 7.285213183611631
374 10.460524559020996 1.625387355685234 1.5499168611131608 7.285218326374888
375 10.460518836975098 1.625386729836464 1.549918504897505 7.285215521231294
376 10.460522651672363 1.625385582447052 1.5499246690887958 7.285210378468037
377 10.460524559020996 1.6253839135169983 1.549935559160076 7.285202898085117
378 10.46052360534668 1.6253824532032013 1.5499426479800604 7.285196352750063
379 10.460522651672363 1.6253819316625595 1.5499457300757058 7.285194015130401
380 10.460522651672363 1.6253821402788162 1.5499449081835337 7.285194950178266
381 10.460524559020996 1.6253827661275864 1.5499411069322377 7.28519775532186
382 10.460524559020996 1.6253839135169983 1.5499348400044255 7.285202898085117
383 10.460522651672363 1.625385582447052 1.5499262101366185 7.285210378468037
384 10.460522651672363 1.6253862082958221 1.549923128040973 7.285213183611631
385 10.460522651672363 1.625385582447052 1.5499262101366185 7.285210378468037
386 10.460518836975098 1.6253839135169983 1.5499340181122534 7.285202898085117
387 10.46052074432373 1.6253832876682281 1.5499379221000709 7.285200092941523
388 10.46052074432373 1.6253832876682281 1.549938743992243 7.285200092941523
389 10.46052360534668 1.6253836005926132 1.5499363810522482 7.28520149551332
390 10.46052074432373 1.62538443505764 1.549930936016608 7.28520523570478
391 10.460522651672363 1.6253862082958221 1.549923128040973 7.285213183611631
392 10.460522651672363 1.6253862082958221 1.5499215869931504 7.285213183611631
393 10.460522651672363 1.625385582447052 1.5499254909809679 7.285210378468037
394 10.460518836975098 1.6253839135169983 1.5499340181122534 7.285202898085117
395 10.46052074432373 1.6253832876682281 1.549938743992243 7.285200092941523
396 10.460516929626465 1.6253830790519714 1.5499394631478935 7.285199157893658
397 10.460518836975098 1.6253832876682281 1.5499372029444203 7.285200092941523
398 10.46052074432373 1.62538443505764 1.5499324770644307 7.28520523570478
399 10.460522651672363 1.625385582447052 1.5499246690887958 7.285210378468037
