0 98.63410949707031 10.081339813768864 88.55276791006327 0.0
1 2.370443344116211 2.2497583087533712 0.00040602676903606083 0.12027917429804802
2 23.691160202026367 0.45822665095329285 21.179097746498883 2.0538373105227947
3 41.05710983276367 0.13362590968608856 40.324554815888405 0.5989304166287184
4 39.01210021972656 0.1571838352829218 38.15039359033108 0.7045204045716673
5 26.663021087646484 0.3759704865515232 24.601889066398144 1.6851534307934344
6 14.964603424072266 0.8574894294142723 10.263726159464568 3.843390121124685
7 10.461522102355957 1.6121463775634766 1.623507853364572 7.225870370864868
8 2.70174503326416 2.4912824034690857 0.21046426576504018 0.0
9 6.877076625823975 3.352769911289215 3.524306920589879 0.0
10 11.321573257446289 3.924783170223236 7.3967895563691854 0.0
11 12.321222305297852 4.037413418292999 8.283807642292231 0.0
12 9.73121452331543 3.7357547283172607 5.9954588825348765 0.0
13 7.282138347625732 3.4117463529109955 3.8703925639856607 0.0
14 4.484941482543945 2.949418306350708 1.5355226525571197 0.0
15 2.595104932785034 2.448673576116562 0.146429182641441 0.0
16 11.14870548248291 1.9917353391647339 0.2297270039707655 8.927242323756218
17 10.481401443481445 1.5653875470161438 1.8997207446955144 7.016290612518787
18 11.473611831665039 1.2308502048254013 4.725915330927819 5.516846453770995
19 13.117803573608398 1.0138853341341019 7.559539822395891 4.544378908351064
20 14.211529731750488 0.9149080812931061 9.195874535944313 4.100748721510172
21 14.098713874816895 0.9241608381271362 9.032335253432393 4.1422208994627
22 12.952852249145508 1.0309756994247437 7.300896109081805 4.620980367064476
23 11.520318984985352 1.2224959582090378 4.818421760573983 5.4794015269726515
24 10.593582153320312 1.4760760068893433 2.501526630949229 6.615983530879021
25 10.55045223236084 1.7535306215286255 0.9373478859197348 7.8595747500658035
26 11.193031311035156 2.003958582878113 0.2070465299038915 8.982028648257256
27 11.94662857055664 2.1765712201595306 0.014356118990690447 9.755703147500753
28 12.266990661621094 2.2376231849193573 1.9884323281260663e-05 10.029346775263548
29 11.972825050354004 2.181763678789139 0.012087468649042421 9.778976488858461
30 11.299103736877441 2.031922549009323 0.15981251519406214 9.107367139309645
31 10.683279991149902 1.8292579054832458 0.6550293117470574 8.198995254933834
32 10.460734367370605 1.6192785501480103 1.5836182414204814 7.257837787270546
33 10.667781829833984 1.4401543736457825 2.7726491331122816 6.454977639019489
34 11.061128616333008 1.3167583793401718 3.8424724759534 5.901899164542556
35 11.317341804504395 1.2605296224355698 4.406939389882609 5.649873843416572
36 11.258904457092285 1.2724160552024841 4.283337491797283 5.703150533139706
37 10.949803352355957 1.3453981578350067 3.574142352445051 6.030266743153334
38 10.614683151245117 1.4649731367826462 2.5834873621352017 6.566218880936503
39 10.462069511413574 1.6089238822460175 1.6417222167365253 7.2114266864955425
40 10.544413566589355 1.7490698844194412 0.9557590924669057 7.839581089094281
41 10.744811058044434 1.8565793335437775 0.5667755063041113 8.321453798562288
42 10.884127616882324 1.9096679985523224 0.4150533123902278 8.559404779225588
43 10.85719108581543 1.9001235961914062 0.4404421009530779 8.51662540435791
44 10.696361541748047 1.8353378176689148 0.6347796865156852 8.226246289908886
45 10.526650428771973 1.7349767088890076 1.0152628528885543 7.7764134630560875
46 10.460526466369629 1.6242630183696747 1.5560871138586663 7.280178885906935
47 10.517358779907227 1.526990994811058 2.146176618989557 6.8441917803138494
48 10.623236656188965 1.4606977552175522 2.6154811587184668 6.547056009992957
49 10.680558204650879 1.4347054213285446 2.8152989671798423 6.43055465631187
50 10.645356178283691 1.4501675367355347 2.6953327091177925 6.499858066439629
51 10.552292823791504 1.5008840262889862 2.3242313391529024 6.727176617830992
52 10.475540161132812 1.574424386024475 1.844320486416109 7.0567950159311295
53 10.465128898620605 1.6539641320705414 1.3978587958263233 7.413303520530462
54 10.51159381866455 1.7215033322572708 1.0740653338143602 7.716023864224553
55 10.56274700164795 1.7621792256832123 0.9022282279329374 7.898339029401541
56 10.571859359741211 1.7682712376117706 0.8779424443491735 7.925644297152758
57 10.534199714660645 1.7411638498306274 0.9888885385589674 7.804145112633705
58 10.484082221984863 1.6903656870126724 1.2172523059416562 7.576460490003228
59 10.460651397705078 1.6301601827144623 1.5238799335202202 7.306610818952322
60 10.47497844696045 1.5753804743289948 1.8385175167350098 7.06108034029603
61 10.505356788635254 1.5378425866365433 2.0746839174535125 6.892830165103078
62 10.52064037322998 1.524232566356659 2.1645830996567383 6.831828109920025
63 10.507911682128906 1.5354188829660416 2.0905254781246185 6.881966779008508
64 10.480392456054688 1.5668399333953857 1.8907508190022781 7.022800415754318
65 10.461930274963379 1.609682098031044 1.6374248507781886 7.214825117960572
66 10.4647855758667 1.6528778672218323 1.4034718056791462 7.408434726297855
67 10.480879783630371 1.685753807425499 1.2393368568154983 7.555789386853576
68 10.49215316772461 1.7008033841848373 1.1681090100319125 7.623243739828467
69 10.488011360168457 1.695637732744217 1.1922854819567874 7.600090552121401
70 10.473427772521973 1.6733597069978714 1.2998301754123531 7.500237258151174
71 10.461947441101074 1.641271397471428 1.464265731337946 7.356412870809436
72 10.462156295776367 1.6084718108177185 1.644286828523036 7.209400437772274
73 10.470746994018555 1.583281397819519 1.7909720819443464 7.096493408083916
74 10.477469444274902 1.5712753236293793 1.8635153671493754 7.0426804684102535
75 10.4756441116333 1.5742562413215637 1.845343331224285 7.056041367352009
76 10.467658996582031 1.5901680290699005 1.7501306161284447 7.12736027315259
77 10.461283683776855 1.6138679832220078 1.6138259635772556 7.2335868533700705
78 10.46150016784668 1.6385430097579956 1.4787756212172098 7.344183847308159
79 10.466349601745605 1.6575473248958588 1.3794366992078722 7.429363902658224
80 10.46988582611084 1.6662103235721588 1.3354832414188422 7.46819270029664
81 10.468502044677734 1.66304811835289 1.3514328809105791 7.454019244760275
82 10.463932991027832 1.6499851942062378 1.418483255256433 7.395469352602959
83 10.460737228393555 1.6315238028764725 1.5164892736356705 7.312722759321332
84 10.461365699768066 1.6132242977619171 1.6174409535597079 7.2307017631828785
85 10.46419620513916 1.6000707298517227 1.6923827255959623 7.171745592728257
86 10.465768814086914 1.595168873667717 1.7208255370496772 7.149774773046374
87 10.46448040008545 1.5991127640008926 1.6979187857941724 7.167451852932572
88 10.461867332458496 1.610038310289383 1.6354091602261178 7.216421712189913
89 10.460528373718262 1.6242968142032623 1.5559020853834227 7.280330363661051
90 10.461360931396484 1.6375674158334732 1.4839828218100592 7.339811095967889
91 10.4629545211792 1.6461361199617386 1.4386017373180948 7.378217251971364
92 10.463397979736328 1.6479343920946121 1.4291818256606348 7.386277364566922
93 10.462286949157715 1.6430460959672928 1.4548722229665145 7.364367322996259
94 10.460891723632812 1.6335048228502274 1.5057878266088665 7.321601973846555
95 10.460569381713867 1.6225339025259018 1.5656062689959072 7.2724287416785955
96 10.46133041381836 1.6134702563285828 1.6160582227166742 7.231804184615612
97 10.462103843688965 1.6087880730628967 1.6424931515939534 7.2108179703354836
98 10.461969375610352 1.6094633638858795 1.638664366910234 7.21384472027421
99 10.461163520812988 1.614816352725029 1.6085058555472642 7.237837580963969
