0 126.0329818725586 11.575735569000244 114.45720359683037 0.0
1 4.901062965393066 3.0289309322834015 1.8721335229929537 0.0
2 17.2174072265625 0.7183740437030792 13.279177856165916 3.2198550887405872
3 36.27091979980469 0.19333334267139435 35.21103760227561 0.8665476609021425
4 38.20234680175781 0.16728945448994637 37.285250164568424 0.7498152335174382
5 26.847095489501953 0.371387604624033 24.811095143668354 1.664612299297005
6 16.966554641723633 0.7320120707154274 12.953561437316239 3.280982674099505
7 11.444323539733887 1.2362016290426254 4.6672914060764015 5.5408323016017675
8 10.751449584960938 1.8593541383743286 0.5582031709491275 8.333890870213509
9 2.655954360961914 2.4735220670700073 0.1824334534467198 0.0
10 4.936450958251953 3.0354497730731964 1.9010006362805143 0.0
11 7.439517498016357 3.43416029214859 4.005355066619813 0.0
12 8.652257919311523 3.598908305168152 5.053349364316091 0.0
13 8.062562942504883 3.5204439759254456 4.542119693942368 0.0
14 6.1663737297058105 3.2441632449626923 2.922210084507242 0.0
15 3.991837501525879 2.846853584051132 1.1449826080934145 0.0
16 2.511592149734497 2.411692589521408 0.09990021657358739 0.0
17 11.212712287902832 2.0092774629592896 0.19756619632971706 9.005868628621101
18 10.460686683654785 1.6199718862771988 1.579771375108976 7.260945418849587
19 11.118114471435547 1.3032363951206207 3.9735864684917033 5.8412916995584965
20 12.444856643676758 1.0885277092456818 6.4773922064341605 4.878936696797609
21 13.447552680969238 0.9816397279500961 8.066059639677405 4.399849494919181
22 13.50194263458252 0.9765427112579346 8.148400085046887 4.377003937959671
23 12.653895378112793 1.063853308558464 6.82170050800778 4.768342508003116
24 11.471933364868164 1.23115374147892 4.722575572086498 5.518206948414445
25 10.629586219787598 1.4576002210378647 2.6388150884304196 6.533172419294715
26 10.499510765075684 1.709216982126236 1.1293393289088272 7.660954687744379
27 10.977834701538086 1.9408713579177856 0.33770085356081836 8.69926269352436
28 11.61344051361084 2.1066488921642303 0.06448631476814626 9.442301284521818
29 11.935395240783691 2.1743315160274506 0.015395754799101269 9.745664473623037
30 11.74898624420166 2.1360374987125397 0.03892777015607862 9.574025217443705
31 11.213297843933105 2.009434759616852 0.19728887193195987 9.006573654711246
32 10.684629440307617 1.8298937678337097 0.6528944468300324 8.201845280826092
33 10.461494445800781 1.6384722888469696 1.479153280670289 7.343866866081953
34 10.602831840515137 1.471102699637413 2.5380365195451304 6.593692457303405
35 10.924395561218262 1.3524274826049805 3.5101937991566956 6.061773180961609
36 11.155125617980957 1.2948015183210373 4.056838803226128 5.803485376760364
37 11.130573272705078 1.3003674000501633 4.001775726210326 5.8284324537962675
38 10.886802673339844 1.3632235825061798 3.4134194889338687 6.11016284301877
39 10.604621887207031 1.4701615273952484 2.544983357656747 6.589473988860846
40 10.463984489440918 1.600818619132042 1.6880674834828824 7.175097739323974
41 10.520234107971191 1.7294367998838425 1.0392134072026238 7.751582799479365
42 10.684033393859863 1.829613596200943 0.6538345887383912 8.200589511543512
43 10.805980682373047 1.8811082243919373 0.4934753611451015 8.431395791471004
44 10.792119979858398 1.8757413625717163 0.5090391222620383 8.407340750098228
45 10.662880897521973 1.8194283246994019 0.6885132502065971 8.154937669634819
46 10.52026653289795 1.729469656944275 1.0390703979646787 7.751730069518089
47 10.460583686828613 1.6286644041538239 1.5320106045692228 7.299906525760889
48 10.504170417785645 1.5389908105134964 2.0672055205795914 6.897976668551564
49 10.591876029968262 1.4770173877477646 2.494653557660058 6.620202934369445
50 10.641765594482422 1.4518309384584427 2.6826200919458643 6.50731367059052
51 10.614910125732422 1.4648556858301163 2.584362471825443 6.565692448988557
52 10.538374900817871 1.510534405708313 2.2574065742082894 6.770430997014046
53 10.473809242248535 1.5774262696504593 1.826135094743222 7.070249887183309
54 10.463953971862793 1.6500388085842133 1.4182051474926993 7.395709659904242
55 10.501965522766113 1.7118537873029709 1.1173424770822749 7.672773225232959
56 10.544662475585938 1.7492609769105911 0.9549654528382234 7.840437592938542
57 10.552718162536621 1.7551657557487488 0.9306491565075703 7.866903655230999
58 10.521728515625 1.7307509779930115 1.0335031058639288 7.757473133504391
59 10.480118751525879 1.684607982635498 1.2448598694754764 7.550653636455536
60 10.460627555847168 1.6297455579042435 1.5261319180717692 7.3047524113208055
61 10.472548484802246 1.5797472298145294 1.8121475173393264 7.080652762204409
62 10.49776840209961 1.5455021411180496 2.0250999846030027 6.927161382511258
63 10.5103178024292 1.5331975370645523 2.105108310934156 6.872010389342904
64 10.499553680419922 1.5436260551214218 2.037177690071985 6.918752497062087
65 10.476686477661133 1.572532445192337 1.8558386887889355 7.048315066844225
66 10.46158504486084 1.611742913722992 1.6257812071125954 7.224061988294125
67 10.464244842529297 1.651066243648529 1.4128633620566688 7.400314770638943
68 10.477682113647461 1.6807684004306793 1.263469357509166 7.533444080501795
69 10.486823081970215 1.6940834373235703 1.1996142944553867 7.5931239780038595
70 10.483073234558105 1.6889486610889435 1.2240130882128142 7.5701091773808
71 10.470870018005371 1.6683125495910645 1.3249416524195112 7.477615177631378
72 10.46156120300293 1.638911947607994 1.4768091414589435 7.345837479457259
73 10.462044715881348 1.6090825349092484 1.6408223475445993 7.21213779039681
74 10.469273567199707 1.5864099115133286 1.7723488272167742 7.110515853390098
75 10.4746675491333 1.5759199559688568 1.8352474132552743 7.0634983740746975
76 10.472868919372559 1.5791446417570114 1.8157730891834944 7.077951876446605
77 10.466158866882324 1.5940728038549423 1.7272238648729399 7.1448620315641165
78 10.461039543151855 1.6158872842788696 1.60251230961876 7.242637649178505
79 10.461465835571289 1.6383026838302612 1.480057978478726 7.343106672167778
80 10.465557098388672 1.6552802920341492 1.3910768498317339 7.419202737510204
81 10.468340873718262 1.662669062614441 1.3533518963959068 7.452320262789726
82 10.466986656188965 1.6592719554901123 1.3706209810334258 7.437093943357468
83 10.463155746459961 1.6469874829053879 1.4341375272488222 7.382033182308078
84 10.460647583007812 1.6300151944160461 1.5246666898019612 7.305960960686207
85 10.461337089538574 1.613459199666977 1.6161210974678397 7.231754627078772
86 10.463708877563477 1.6018140316009521 1.6823348883190192 7.1795593202114105
87 10.464886665344238 1.5978163182735443 1.7054285173071548 7.161640997976065
88 10.463691711425781 1.6018760949373245 1.681977673433721 7.179837496951222
89 10.461523056030273 1.6121543049812317 1.623462341085542 7.225905902683735
90 10.460519790649414 1.6252331882715225 1.5507603279547766 7.284527326002717
91 10.461307525634766 1.6371621787548065 1.4861502542044036 7.3379947654902935
92 10.462613105773926 1.6446153074502945 1.4465960770030506 7.371400753036141
93 10.462885856628418 1.6458248645067215 1.440236069902312 7.376822160556912
94 10.461899757385254 1.6409939378499985 1.4657372265355662 7.3551692571491
95 10.460779190063477 1.6320879012346268 1.513437177054584 7.315251128748059
96 10.460586547851562 1.6220936179161072 1.5680354740470648 7.270455323159695
97 10.461256980895996 1.6140396744012833 1.612862192268949 7.234356397762895
98 10.4618558883667 1.6101116389036179 1.6349945156252943 7.21675038151443
99 10.461694717407227 1.6110928654670715 1.6294486954575405 7.221148379147053
