0 153.18544006347656 13.210175342857838 139.97527317889035 0.0
1 43.0126953125 6.5675292536616325 36.44516606675461 0.0
2 5.816920280456543 1.9768409566022456 3.2602185395164116 0.5798607827164233
3 36.222713470458984 0.4200089887935974 33.883883944596164 1.9188198153262541
4 30.812267303466797 0.2879548744749627 29.13213283987716 1.392179426763568
5 18.628398895263672 0.5560828107409179 15.451521079638042 2.620793388225138
6 13.234380722045898 0.9528033440001309 8.01736082113348 4.264216529671103
7 11.529489517211914 1.195115465670824 5.009534552344121 5.32483952306211
8 10.862370491027832 1.3714549541473389 3.3454604540020227 6.145456170663238
9 10.502123832702637 1.5410197079181671 2.054030383587815 6.907070476561785
