0 102.17819213867188 0.09468627913156524 101.66489562764764 0.4186028949916363
1 59.312103271484375 7.514636781066656 51.79746710881591 0.0
2 15.76251220703125 4.310187675058842 11.452324895653874 0.0
3 10.659536361694336 1.3953787591308355 2.9784862466913182 6.2856729850173
4 23.41108512878418 0.46020435355603695 20.879792016465217 2.0710880919359624
5 26.588722229003906 0.374954960308969 24.529734873212874 1.6840301062911749
6 17.512462615966797 0.7009957605041564 13.667929027462378 3.1435376591980457
7 10.640888214111328 1.4506225259974599 2.688327710959129 6.501938453875482
8 2.5776517391204834 2.441413266584277 0.1362379081074323 0.0
9 7.2555646896362305 3.4085954185575247 3.846969828591682 0.0
10 10.555108070373535 3.836080316454172 6.719027679646388 0.0
11 8.267888069152832 3.548723094165325 4.719163013622165 0.0
12 3.9002139568328857 2.826937483623624 1.0732761974795721 0.0
13 11.458486557006836 2.0710914321243763 0.10474734320814605 9.282649386674166
14 10.799924850463867 1.3908501621335745 3.1752559456508607 6.233819571323693
15 13.593957901000977 0.9682236555963755 8.286125052487478 4.339610682800412
16 15.735272407531738 0.805319004226476 11.320472174789757 3.6094797421246767
17 14.959615707397461 0.8579361294396222 10.256350367097184 3.845329920295626
18 12.354333877563477 1.0998032689094543 6.325114800245501 4.929416574537754
19 10.557535171508789 1.4976809937506914 2.3470905198482797 6.7127616591751575
20 11.030548095703125 1.957264669239521 0.3006022732661222 8.772682260721922
21 2.337491035461426 2.317008201032877 0.020483049032463896 0.0
22 3.0540060997009277 2.6095882020890713 0.44441847476991825 0.0
23 3.5338306427001953 2.7402048390358686 0.7936258545087185 0.0
24 3.2825753688812256 2.674931248649955 0.6076444614300271 0.0
25 2.614588975906372 2.4568127170205116 0.1577764757494151 0.0
26 11.940706253051758 2.1753945499658585 0.014904962161381263 9.750406865030527
27 10.580888748168945 1.7740600928664207 0.8552527514548274 7.951573679223657
28 10.743532180786133 1.4100549016147852 3.013423850701656 6.320054665207863
29 11.81225872039795 1.174568323418498 5.373117437935434 5.264572820626199
30 12.401981353759766 1.0937889451161027 6.405682696844451 4.90250951051712
31 11.90059757232666 1.1612788438796997 5.534311261144467 5.205009390600026
32 10.915297508239746 1.3549995236098766 3.4870066480943933 6.073293213732541
33 10.460575103759766 1.6283595068380237 1.5336857175570913 7.29853127989918
34 10.856013298034668 1.8997007999569178 0.4415912783006206 8.514721766114235
35 11.460837364196777 2.0716812796890736 0.10359033941676898 9.285562945529819
36 11.502079963684082 2.0813525915145874 0.091817633867322 9.328911544755101
37 10.97087574005127 1.9386502299457788 0.342925581819145 8.689299980178475
38 10.505411148071289 1.7154215099290013 1.1012294665561058 7.688757889904082
39 10.555024147033691 1.4990783128887415 2.336868515063543 6.719077395275235
40 10.9214506149292 1.3532531326636672 3.502728626714088 6.065468767657876
41 11.1029634475708 1.3067639144137502 3.939100149204023 5.8570977207273245
42 10.895832061767578 1.3605814976617694 3.4369357028626837 6.098315875045955
43 10.562933921813965 1.4940053606405854 2.3725870623020455 6.69634048268199
44 10.469335556030273 1.665004531852901 1.3415466761798598 7.462783069349825
45 10.654570579528809 1.8152971845120192 0.7028586924570845 8.13641588948667
46 10.829996109008789 1.8901814557611942 0.46775770538079087 8.472057925537229
47 10.76632308959961 1.8654670920222998 0.5395692224992672 8.3612848687917
48 10.559293746948242 1.7598117962479591 0.9117610832036007 7.887722967192531
49 10.460590362548828 1.6216122545301914 1.5706856630858965 7.268293087370694
50 10.549365997314453 1.5028376430273056 2.310599008167628 6.735928570851684
51 10.669682502746582 1.4393262304365635 2.7790953315561637 6.45126155950129
52 10.657769203186035 1.4445436792448163 2.738579178985674 6.474646871909499
53 10.537652969360352 1.5110457194969058 2.2538894304307178 6.772718409076333
54 10.461324691772461 1.613430855795741 1.6162711383076385 7.231623084284365
55 10.503955841064453 1.7139397915452719 1.1078968619403895 7.682118457742035
56 10.581995964050293 1.7747818902134895 0.8523930338706123 7.954821210354567
57 10.581786155700684 1.7746504805982113 0.8529042785376078 7.9542323257774115
58 10.508788108825684 1.7188005996868014 1.0860807980352547 7.703905265778303
59 10.460999488830566 1.634695346467197 1.499370234349044 7.326933612115681
60 10.487661361694336 1.5570499813184142 1.9516950697288848 6.978916148655117
61 10.534871101379395 1.5130884731188416 2.2399082061019726 6.781874377280474
62 10.532593727111816 1.514792438596487 2.2282885026652366 6.789511955343187
63 10.487218856811523 1.5576054062694311 1.9482048094505444 6.981405553407967
64 10.460538864135742 1.6229885714128613 1.5630893353081774 7.27446220535785
65 10.480034828186035 1.6844966020435095 1.2453890782198869 7.550149901770055
66 10.50776481628418 1.7177932746708393 1.0905814666475635 7.69939018599689
67 10.501466751098633 1.7113351356238127 1.1196882316144183 7.670444135554135
68 10.472342491149902 1.6713128574192524 1.3099706298671663 7.491058505140245
69 10.460871696472168 1.6173835610970855 1.5941489391261712 7.249339719302952
70 10.476700782775879 1.5724830972030759 1.8561287645134144 7.048089559189975
71 10.490849494934082 1.5531889703124762 1.9760513978544623 6.961610360071063
72 10.481982231140137 1.5645429156720638 1.9049375632312149 7.0125004760921
73 10.464344024658203 1.5995263317599893 1.6955162502999883 7.169300939887762
74 10.46212100982666 1.6422790987417102 1.4589171428815462 7.360924988053739
75 10.47400951385498 1.6744685620069504 1.2943394996691495 7.505202606320381
76 10.4791841506958 1.6831837389618158 1.2517347988323309 7.544265222735703
77 10.470073699951172 1.6666533071547747 1.3332474539347459 7.470173512585461
78 10.46096420288086 1.6343626156449318 1.5011582894367166 7.325442001223564
79 10.463740348815918 1.6016422975808382 1.6833119492803235 7.178785003721714
80 10.471206665039062 1.5823158212006092 1.7967298436560668 7.092160889878869
81 10.470773696899414 1.5831906273961067 1.791500843304675 7.096081821247935
82 10.46360969543457 1.602108657360077 1.6806286387436558 7.180875075049698
83 10.460602760314941 1.62949138879776 1.52750143466983 7.303608475252986
84 10.464714050292969 1.6526998160406947 1.4043830389273353 7.407631888054311
85 10.467935562133789 1.6617256375029683 1.3581239102059044 7.448086922056973
86 10.465030670166016 1.65371410921216 1.3991391250456218 7.412177961319685
87 10.460911750793457 1.6338491654023528 1.5039219779719133 7.323140520602465
88 10.461499214172363 1.6122065242379904 1.6231563974870369 7.226135031320155
89 10.464608192443848 1.5986422942951322 1.7006299832719378 7.1653381967917085
90 10.464673042297363 1.5984409442171454 1.7017959747172426 7.164435738697648
91 10.461775779724121 1.6104936497285962 1.632821739767678 7.21845762245357
92 10.460552215576172 1.6282827472314239 1.534078995231539 7.298190836794674
93 10.462287902832031 1.6431326670572162 1.454404501040699 7.364750302396715
94 10.463485717773438 1.6483549168333411 1.4269730965897907 7.388157117180526
95 10.462129592895508 1.6423380495980382 1.4586038504785392 7.361188576556742
96 10.460577964782715 1.6289602043107152 1.5303899402497336 7.301227328367531
97 10.461094856262207 1.6152295088395476 1.6061802629556041 7.239684269763529
98 10.46230697631836 1.607645908370614 1.6489661966043059 7.205693426541984
99 10.46200180053711 1.6092106057330966 1.6400843774026725 7.212706632912159
