0 389.3572692871094 3.7063578963279724 369.03818932175636 16.612699296325445
1 111.08894348144531 0.1400547323282808 110.32114742696285 0.6277469934429973
2 11.43617057800293 1.2377072125673294 4.650886849267408 5.5475805420428514
3 32.7649040222168 5.859309256076813 26.905585429631174 0.0
4 96.22620391845703 9.930985808372498 86.29521297290921 0.0
5 103.67377471923828 10.351646304130554 93.32208858802915 0.0
6 67.7792739868164 8.242989897727966 59.536271188408136 0.0
7 27.006837844848633 5.403620004653931 21.60322040785104 0.0
8 4.665986061096191 2.9846934378147125 1.6812932427274063 0.0
9 10.754474639892578 1.4060633480548859 3.046233202330768 6.302176792174578
10 20.946996688842773 0.5513624921441078 17.924352143891156 2.4712854558601975
11 35.98961639404297 0.19736764207482338 34.90761802531779 0.8846299671567976
12 45.41987228393555 0.09173375740647316 44.91697924211621 0.41116380551829934
13 45.123680114746094 0.0942505169659853 44.60697137750685 0.4224442814011127
14 36.69215774536133 0.1874101534485817 35.664741806685925 0.8399990806356072
15 24.865568161010742 0.4237341172993183 22.542603709734976 1.8992368471808732
16 14.92276382446289 0.8605002835392952 10.20538003416732 3.8568851994350553
17 10.549761772155762 1.50258007645607 2.3124012287007645 6.734778556972742
18 2.269652843475342 2.26708647608757 0.0025652851923041453 0.0
19 5.188537120819092 3.080923944711685 2.1076124109094962 0.0
20 10.092798233032227 3.779936730861664 6.312860078178346 0.0
21 13.90478801727295 4.207975149154663 9.69681370537728 0.0
22 14.604132652282715 4.280665814876556 10.323465391993523 0.0
23 12.122114181518555 4.015312612056732 8.106799190863967 0.0
24 8.000101089477539 3.5119587182998657 4.488141925539821 0.0
25 4.264222621917725 2.904793620109558 1.3594296862720512 0.0
26 2.3335301876068115 2.314383953809738 0.019146151516906684 0.0
27 10.664895057678223 1.8204207122325897 0.6850901206780691 8.159385692328215
28 10.757728576660156 1.4048971831798553 3.0558811890659854 6.296949874609709
29 12.321244239807129 1.1038751900196075 6.2696412892546505 4.947726298123598
30 14.133500099182129 0.9212877750396729 9.08287011552602 4.129343420267105
31 15.12181568145752 0.8463457748293877 10.482025651726872 3.793442669324577
32 14.8328857421875 0.8670343533158302 10.079679845366627 3.886171833612025
33 13.520828247070312 0.9747869968414307 8.176909880712628 4.369134575128555
34 11.902963638305664 1.1609251648187637 5.538605187321082 5.203432435169816
35 10.746252059936523 1.4090432226657867 3.021673625917174 6.315533015877008
36 10.483044624328613 1.6889063119888306 1.2242153764236718 7.569919362664223
37 11.029023170471191 1.9568188190460205 0.30146100791171193 8.770741492509842
38 11.886157989501953 2.1644314229488373 0.02043387997218815 9.701290842145681
39 2.2769453525543213 2.2731152772903442 0.0038292726821964607 0.0
40 2.3932673931121826 2.3509817123413086 0.042285058416382526 0.0
41 2.463423252105713 2.388411223888397 0.07501326381316176 0.0
42 2.4522228240966797 2.382744163274765 0.069477640245168 0.0
43 2.3719558715820312 2.338533580303192 0.033420855024814955 0.0
44 2.2684996128082275 2.266114115715027 0.0023849230018413436 0.0
45 11.95915699005127 2.179059386253357 0.013244315591691702 9.766855463385582
46 11.21727466583252 2.0105009973049164 0.19541834808478598 9.011352684348822
47 10.63048267364502 1.8027995228767395 0.7472755611524917 8.080405004322529
48 10.464890480041504 1.597801923751831 1.705512761254795 7.161576479673386
49 10.698369026184082 1.4273822605609894 2.8732592141022906 6.397731203585863
50 11.08751392364502 1.3104135245084763 3.903636458562687 5.873460618779063
51 11.347575187683105 1.254561111330986 4.469888522289693 5.623122124001384
52 11.321747779846191 1.259652704000473 4.416149513563141 5.645943369716406
53 11.048192977905273 1.319926530122757 3.8121660239994526 5.916099268943071
54 10.705938339233398 1.424360454082489 2.897392023005523 6.384187035262585
55 10.488426208496094 1.5561231076717377 1.9575357221765444 6.974766071885824
56 10.48605728149414 1.6930621564388275 1.2044441438047215 7.588546451181173
57 10.645546913146973 1.8107021152973175 0.719015312497504 8.115825552493334
58 10.823046684265137 1.8875817954540253 0.47505275084404275 8.460411261767149
59 10.887935638427734 1.9109941720962524 0.4115912457200466 8.565348878502846
60 10.80423641204834 1.8804389834403992 0.49540167092345655 8.42839615792036
61 10.638628959655762 1.8071134984493256 0.7317738528945483 8.099740859121084
62 10.500075340270996 1.7098311483860016 1.1265395532245748 7.663707468658686
63 10.461977005004883 1.6094274818897247 1.6388670660671778 7.213683892041445
64 10.520960807800293 1.5239682495594025 2.1663526335032657 6.830643404275179
65 10.612617492675781 1.4660214334726334 2.575677537242882 6.570917496457696
66 10.663681030273438 1.441940650343895 2.7587560733081773 6.462983986362815
67 10.6408052444458 1.452277585864067 2.679211910581216 6.509315608069301
68 10.565370559692383 1.4924903512001038 2.383324769907631 6.689554966986179
69 10.490440368652344 1.5536889731884003 1.9728989416034892 6.963855933398008
70 10.460535049438477 1.6237057000398636 1.5591506141936406 7.277680905535817
71 10.483059883117676 1.688927173614502 1.2241170575725846 7.570012867450714
72 10.528972625732422 1.736913189291954 1.0069648240460083 7.785093044862151
73 10.558422088623047 1.7591953873634338 0.9142601129133254 7.884965039789677
74 10.550070762634277 1.753251701593399 0.9384937063441612 7.858324591070414
75 10.512994766235352 1.7228334695100784 1.0681765791377984 7.721985729411244
76 10.47518253326416 1.6765387058258057 1.2841549451695755 7.514485985040665
77 10.460522651672363 1.6252804398536682 1.5505015346570872 7.28473911434412
78 10.472617149353027 1.5796113163232803 1.8129659164696932 7.080043578520417
79 10.495733261108398 1.5476813465356827 2.0111241191625595 6.936928892508149
80 10.509303092956543 1.534125566482544 2.0990071998676285 6.876169949769974
81 10.503390312194824 1.5397611260414124 2.062196909682825 6.901429332792759
82 10.483951568603516 1.5618569254875183 1.921630129800178 7.000465862452984
83 10.465896606445312 1.5948055684566498 1.7229433477041312 7.148146387189627
84 10.460714340209961 1.631214216351509 1.5181650090380572 7.3113351482898
85 10.468628883361816 1.663356974720955 1.3498686146340333 7.45540358312428
86 10.480256080627441 1.6848120093345642 1.2438759618089534 7.551568113267422
87 10.485161781311035 1.6918583363294601 1.2101526986225508 7.583150757476687
88 10.479873657226562 1.6842223554849625 1.246722688083537 7.5489252004772425
89 10.469298362731934 1.6649054288864136 1.3420523173408583 7.462343975901604
90 10.461601257324219 1.6391894072294235 1.4753291191300377 7.347081093117595
91 10.461371421813965 1.613190919160843 1.6176295778132044 7.230552155524492
92 10.466771125793457 1.592425987124443 1.736861783429049 7.137480763718486
93 10.472028732299805 1.5807399302721024 1.8061842786846682 7.085102187469602
94 10.472561836242676 1.5797223001718521 1.8122983345529065 7.080541023984551
95 10.468304634094238 1.5886199921369553 1.7592624545795843 7.120421750470996
96 10.462976455688477 1.6046782284975052 1.6659024899126962 7.1923970598727465
97 10.46053409576416 1.6238295137882233 1.5584690601099283 7.278235856443644
98 10.462008476257324 1.6416116505861282 1.4624610616010614 7.3579379338771105
99 10.465194702148438 1.6541712880134583 1.3967902332660742 7.414232023060322
