0 14.455646514892578 3.612192600267008 10.470821717131473 0.37263252516277134
1 95.69493865966797 0.46593708090949804 93.23778706882149 1.9912173523334786
2 12.897406578063965 1.4206134814303368 5.856164652237607 5.620627518044785
3 20.018524169921875 4.643557133153081 15.374965679366142 0.0
4 40.5190544128418 6.3298142701387405 34.18923890218139 0.0
5 29.464412689208984 5.549997434020042 23.914415472652763 0.0
6 9.32917308807373 3.64749570004642 5.681677292188397 0.0
7 11.11053466796875 1.8794402051717043 0.8008113969337938 8.430283239111304
8 17.22439956665039 0.7438702420331538 13.146456683520228 3.3340741069987416
9 28.48249626159668 0.3455877078231424 26.591772782150656 1.5451358603313565
10 26.798986434936523 0.3817115845158696 24.711205722298473 1.7060704159084707
11 16.44226837158203 0.7679469757713377 12.235089451540262 3.4392326320521533
12 10.51257610321045 1.5226824823766947 2.16052166200825 6.8293723575770855
13 2.5943217277526855 2.4371745213866234 0.1571472794712463 0.0
14 6.751782417297363 3.3084974959492683 3.443285581539385 0.0
15 10.536462783813477 3.7939101606607437 6.742552174138837 0.0
16 10.103300094604492 3.7303186915814877 6.372982469620183 0.0
17 6.286677837371826 3.204050974920392 3.0826269476674497 0.0
18 2.785928249359131 2.4603350050747395 0.3255932109798359 0.0
19 10.44960880279541 1.7636917419731617 0.7187795740698437 7.967137039639056
20 11.243850708007812 1.1719877356663346 4.759721209149575 5.312142374925315
21 14.324857711791992 0.8312871130183339 9.711152758216485 3.7824184927158058
22 15.379026412963867 0.7523639965802431 11.196255923714489 3.4304063357412815
23 13.203437805175781 0.9049817672930658 8.175845231220592 4.122611120343208
24 10.58482551574707 1.2561514349654317 3.619048110995209 5.709624791517854
25 10.259519577026367 1.7167859710752964 0.7539517201661938 7.788780982606113
26 3.195457935333252 2.1186639573425055 0.13909914804632084 0.9376947470009327
27 3.911860227584839 2.450685430318117 0.6032357251337036 0.8579391967505217
28 3.780183792114258 2.6016635857522488 1.0765218934265484 0.10199856385588646
29 3.930020570755005 2.542702440172434 0.9255222490016437 0.4617958068847656
30 3.6830649375915527 2.3032575584948063 0.3734765766583129 1.0063305273652077
31 2.9842703342437744 1.9690421726554632 0.17624719971217834 0.8389810733497143
32 9.95026969909668 1.6553624887019396 0.7631124528263218 7.531794006936252
33 9.806242942810059 1.329016133211553 2.4168397407920565 6.0603857934474945
34 10.531829833984375 1.0998280439525843 4.4048627254233 5.027138473466039
35 10.949224472045898 1.0173855214379728 5.275126517371973 4.656710951123387
36 10.449483871459961 1.08335384959355 4.408007007965352 4.958122815005481
37 9.684343338012695 1.2674102652817965 2.6227521096716373 5.794180008582771
38 9.52965259552002 1.5033688368275762 1.160920733753651 6.865363801829517
39 9.942201614379883 1.6953273359686136 0.5083830411175136 7.738491393625736
40 10.159187316894531 1.7586370715871453 0.38812384107383124 8.012426658533514
41 9.851752281188965 1.6692859921604395 0.5468014101720533 7.635665386915207
42 9.36038589477539 1.4750810265541077 1.1203214255100886 6.7649844428524375
43 9.265503883361816 1.263486900832504 2.1879222332546107 5.814095108769834
44 9.526391983032227 1.1121437111869454 3.2792061296026485 5.135041934903711
45 9.627180099487305 1.0605733692646027 3.6571197736156424 4.909485585987568
46 9.35676383972168 1.1101397275924683 3.100714553339629 5.145910419523716
47 9.063295364379883 1.2312001641839743 2.122035579582157 5.710058984812349
48 9.074921607971191 1.367641432210803 1.3612438044590522 6.346035771537572
49 9.24026870727539 1.4538221121765673 1.0339971897954108 6.752449052408338
50 9.220709800720215 1.44702722504735 1.0409900586798606 6.732694204431027
51 8.99875259399414 1.353061078581959 1.3340786428427363 6.311613607686013
52 8.848871231079102 1.2195713985711336 1.923053876598635 5.706246298737824
53 8.896718978881836 1.105465054512024 2.604279213709064 5.186973735690117
54 8.952163696289062 1.0510016954503953 2.9594741457267526 4.941687069833279
55 8.841991424560547 1.0677872118540108 2.74932701561749 5.024876963812858
56 8.675387382507324 1.1399884158745408 2.1716756338020584 5.363723955582827
57 8.631061553955078 1.2297768974676728 1.6171961404119763 5.784087686333805
58 8.672822952270508 1.2915459694340825 1.3072579872256647 6.074017502833158
59 8.645209312438965 1.294054502621293 1.2614161026859756 6.089738134294748
60 8.530668258666992 1.2384849125519395 1.455405422672732 5.836778598371893
61 8.452062606811523 1.1557342819869518 1.839629273201928 5.456699117086828
62 8.458319664001465 1.0854815850034356 2.2387092250080327 5.134129607118666
63 8.457820892333984 1.0557931675575674 2.402031532327528 4.999996865633875
64 8.386655807495117 1.0733675374649465 2.2272745436665646 5.086013509193435
65 8.307024002075195 1.1235266337171197 1.8596144799269947 5.3238834887743
66 8.284526824951172 1.1766005158424377 1.5325385064621215 5.575386722572148
67 8.279522895812988 1.2016600761562586 1.3808611580430545 5.6970010753721
68 8.229342460632324 1.183484869543463 1.4282077829243927 5.617649852763861
69 8.155498504638672 1.1311616506427526 1.6455527018897826 5.378785066306591
70 8.115541458129883 1.0709086142014712 1.942621605653921 5.102010978851467
71 8.101253509521484 1.029637320432812 2.158694307208866 4.91292078467086
72 8.063270568847656 1.0213447231799364 2.1638559489259164 4.878070475300774
73 8.003134727478027 1.0428269924595952 1.9773639693729281 4.982944360934198
74 7.9624247550964355 1.0765094405505806 1.7407853219090865 5.145130832213908
75 7.943091869354248 1.0995764578692615 1.5863072553289579 5.2572071510367095
76 7.910035133361816 1.0965011126827449 1.567202629510592 5.246331310365349
77 7.858719825744629 1.0682464048732072 1.6738520790178404 5.116621070774272
78 7.817475318908691 1.0304512814618647 1.845597916384087 4.94142523384653
79 7.790420055389404 1.0024585302453488 1.975685283997044 4.81227729911916
80 7.7536468505859375 0.9961852617561817 1.9712823555548942 4.786179111106321
81 7.70326042175293 1.010969921015203 1.831878264594412 4.860412122681737
82 7.659421443939209 1.0349448416382074 1.6458628099644392 4.978613292565569
83 7.626287460327148 1.0514845403376967 1.5129417503812155 5.061861168127507
84 7.587838172912598 1.0488655904773623 1.4844497665552912 5.054521860554814
85 7.542250156402588 1.027446225984022 1.5568076130245927 4.957995722768828
86 7.503882884979248 0.9988554297015071 1.6779849292776816 4.827043420635164
87 7.473685264587402 0.9775179022690281 1.7659760931347885 4.730190310394391
88 7.439458847045898 0.9718678039498627 1.7596218030106983 4.707968845148571
89 7.401097774505615 0.9804061924805865 1.6671951985996916 4.753496363875456
90 7.368777751922607 0.9935610386310145 1.5542475095691626 4.820970064611174
91 7.341368198394775 0.9998246665345505 1.4864900222841346 4.855053254053928
92 7.311507701873779 0.9933540468337014 1.4907231046785938 4.827431006357074
93 7.2817702293396 0.9774251421913505 1.5506784572467978 4.753666644333862
94 7.257709980010986 0.9613402276299894 1.6174124609175764 4.678956585819833
95 7.2351975440979 0.9535457460442558 1.636516978022107 4.6451351589057595
96 7.209255218505859 0.9565550878178328 1.5873632546267535 4.665337101439945
97 7.183628559112549 0.9660473698750138 1.4988327685052096 4.7187498934799805
98 7.161437034606934 0.9739692760631442 1.4216954202279222 4.765772565850057
99 7.139458179473877 0.9736872598296031 1.3922906413854286 4.773481574491598
