0 24.754003524780273
1 64.71275329589844
2 8.874662399291992
3 12.182120323181152
4 28.54827117919922
5 31.99262237548828
6 21.824228286743164
7 12.098028182983398
8 11.395803451538086
9 4.421275615692139
10 8.424958229064941
11 9.421905517578125
12 6.816874027252197
13 3.507387399673462
14 11.634653091430664
15 10.521788597106934
16 12.251382827758789
17 14.367274284362793
18 14.773680686950684
19 13.303701400756836
20 11.353585243225098
21 10.463065147399902
22 11.064889907836914
23 12.26010513305664
24 2.3520097732543945
25 2.4088032245635986
26 2.3630385398864746
27 2.2599148750305176
28 11.85855770111084
29 10.955751419067383
30 10.470174789428711
31 10.682798385620117
32 11.215055465698242
33 11.48560905456543
34 11.255008697509766
35 10.77220344543457
36 10.473403930664062
37 10.563679695129395
38 10.86137866973877
39 11.021735191345215
40 10.888906478881836
41 10.615232467651367
42 10.463133811950684
43 10.534743309020996
44 10.702119827270508
45 10.769695281982422
46 10.673774719238281
47 10.52204418182373
48 10.460780143737793
49 10.523868560791016
50 10.615394592285156
51 10.627043724060059
52 10.55162239074707
53 10.474132537841797
54 10.467857360839844
55 10.519801139831543
56 10.55887508392334
57 10.540388107299805
58 10.48890495300293
59 10.460691452026367
60 10.477981567382812
61 10.510043144226074
62 10.51537799835205
63 10.48949146270752
64 10.463846206665039
65 10.46448040008545
66 10.483546257019043
67 10.49390697479248
68 10.48324966430664
69 10.465685844421387
70 10.461085319519043
71 10.471007347106934
72 10.479835510253906
73 10.476054191589355
74 10.465248107910156
75 10.460554122924805
76 10.465572357177734
77 10.471636772155762
78 10.470406532287598
79 10.463968276977539
80 10.460522651672363
81 10.463212013244629
82 10.467060089111328
83 10.466547012329102
84 10.462658882141113
85 10.460519790649414
86 10.462173461914062
87 10.46449089050293
88 10.46407699584961
89 10.461682319641113
90 10.460526466369629
91 10.461668968200684
92 10.462996482849121
93 10.46253490447998
94 10.461052894592285
95 10.460554122924805
96 10.461394309997559
97 10.462074279785156
98 10.461590766906738
99 10.460705757141113
100 10.460602760314941
101 10.461196899414062
102 10.461466789245605
103 10.461029052734375
104 10.460556983947754
105 10.46065616607666
106 10.461033821105957
107 10.461057662963867
108 10.460718154907227
109 10.460521697998047
110 10.460689544677734
111 10.460882186889648
112 10.46078872680664
113 10.460570335388184
114 10.460540771484375
115 10.46069049835205
116 10.460744857788086
117 10.460628509521484
118 10.46052360534668
119 10.460569381713867
120 10.460655212402344
121 10.4606351852417
122 10.460548400878906
123 10.460528373718262
124 10.46058464050293
125 10.460612297058105
126 10.460565567016602
127 10.460522651672363
128 10.460543632507324
129 10.46057415008545
130 10.460563659667969
131 10.460529327392578
132 10.460525512695312
133 10.460548400878906
134 10.460556030273438
135 10.460535049438477
136 10.46052360534668
137 10.460531234741211
138 10.460543632507324
139 10.46053409576416
140 10.460525512695312
141 10.460525512695312
142 10.460536003112793
143 10.460532188415527
144 10.460522651672363
145 10.460522651672363
146 10.460529327392578
147 10.460529327392578
148 10.460524559020996
149 10.46052074432373
150 10.460524559020996
151 10.460529327392578
152 10.46052360534668
153 10.460518836975098
154 10.460522651672363
155 10.460526466369629
156 10.460521697998047
157 10.46052074432373
158 10.460522651672363
159 10.460521697998047
160 10.460521697998047
161 10.460519790649414
162 10.460522651672363
163 10.46052360534668
164 10.460527420043945
165 10.460519790649414
166 10.460519790649414
167 10.460522651672363
168 10.460521697998047
169 10.460521697998047
170 10.460522651672363
171 10.460518836975098
172 10.46052360534668
173 10.46052074432373
174 10.460521697998047
175 10.46052074432373
176 10.460522651672363
177 10.46052074432373
178 10.460522651672363
179 10.46052074432373
180 10.46052360534668
181 10.46052360534668
182 10.46052074432373
183 10.460519790649414
184 10.460522651672363
185 10.460521697998047
186 10.460522651672363
187 10.460521697998047
188 10.46052074432373
189 10.460522651672363
190 10.460522651672363
191 10.46052074432373
192 10.460521697998047
193 10.46052360534668
194 10.460522651672363
195 10.46052074432373
196 10.46052074432373
197 10.46052360534668
198 10.460519790649414
199 10.460522651672363
200 10.460521697998047
201 10.460521697998047
202 10.460522651672363
203 10.46052074432373
204 10.460521697998047
205 10.460522651672363
206 10.460519790649414
207 10.460519790649414
208 10.460519790649414
209 10.46052074432373
210 10.460522651672363
211 10.460521697998047
212 10.460519790649414
213 10.46052074432373
214 10.460518836975098
215 10.460521697998047
216 10.460519790649414
217 10.460522651672363
218 10.460522651672363
219 10.460522651672363
220 10.460522651672363
221 10.460522651672363
222 10.46052074432373
223 10.460524559020996
224 10.460521697998047
225 10.460519790649414
226 10.460522651672363
227 10.460522651672363
228 10.46052074432373
229 10.460522651672363
230 10.460519790649414
231 10.460521697998047
232 10.460522651672363
233 10.46052360534668
234 10.460519790649414
235 10.460522651672363
236 10.460522651672363
237 10.46052360534668
238 10.460522651672363
239 10.46052074432373
240 10.460522651672363
241 10.460522651672363
242 10.460519790649414
243 10.46052074432373
244 10.460522651672363
245 10.46052074432373
246 10.46052074432373
247 10.460522651672363
248 10.46052074432373
249 10.460522651672363
250 10.460522651672363
