0 191.81170654296875
1 67.87020874023438
2 11.080671310424805
3 32.977630615234375
4 18.742727279663086
5 10.460740089416504
6 2.2497169971466064
7 3.749523639678955
8 5.900943756103516
9 6.263836860656738
10 4.875611782073975
11 3.1133012771606445
12 12.097352027893066
13 10.635417938232422
14 10.631431579589844
15 11.575878143310547
16 12.46312141418457
17 12.603053092956543
18 11.976362228393555
19 11.058767318725586
20 10.496201515197754
21 10.628311157226562
22 11.146600723266602
23 11.452207565307617
24 11.327171325683594
25 10.940987586975098
26 10.588725090026855
27 10.460526466369629
28 10.567276954650879
29 10.767277717590332
30 10.881754875183105
31 10.827957153320312
32 10.659303665161133
33 10.503684043884277
34 10.463353157043457
35 10.538418769836426
