0 84.50812530517578
1 9.645583152770996
2 52.59658432006836
3 45.54786682128906
4 20.795610427856445
5 10.022375106811523
6 2.8593931198120117
7 7.145911693572998
8 11.2776460647583
9 11.983735084533691
10 9.54851245880127
11 5.924301624298096
12 3.099440813064575
13 11.498268127441406
14 10.473550796508789
15 11.678505897521973
16 13.739042282104492
17 15.049318313598633
18 14.788466453552246
19 13.375492095947266
20 11.693991661071777
21 10.612592697143555
22 10.569038391113281
23 11.325161933898926
24 12.204323768615723
25 2.3007686138153076
26 2.3469831943511963
27 2.339165210723877
28 2.285767078399658
29 12.163108825683594
30 11.380699157714844
31 10.684152603149414
32 10.463640213012695
33 10.738487243652344
34 11.197169303894043
35 11.456670761108398
36 11.33630657196045
37 10.950692176818848
38 10.583261489868164
39 10.461854934692383
40 10.60596752166748
41 10.843521118164062
42 10.964312553405762
43 10.879993438720703
44 10.67015266418457
45 10.496650695800781
46 10.469233512878418
47 10.570234298706055
48 10.687503814697266
49 10.715782165527344
50 10.63781452178955
51 10.523921012878418
52 10.462285995483398
53 10.485486030578613
54 10.552849769592285
55 10.595072746276855
56 10.575691223144531
57 10.515987396240234
58 10.467915534973145
59 10.465435981750488
60 10.498559951782227
61 10.528890609741211
62 10.527257919311523
63 10.49750804901123
64 10.467752456665039
65 10.461637496948242
66 10.47807502746582
67 10.496209144592285
68 10.497408866882324
69 10.481758117675781
70 10.464897155761719
71 10.461058616638184
72 10.470145225524902
73 10.480165481567383
74 10.480423927307129
75 10.471376419067383
76 10.462348937988281
77 10.461119651794434
78 10.466720581054688
79 10.47181510925293
80 10.470894813537598
81 10.465359687805176
82 10.460954666137695
83 10.461374282836914
84 10.464903831481934
85 10.467055320739746
86 10.465551376342773
87 10.462239265441895
88 10.460529327392578
89 10.461614608764648
90 10.463635444641113
91 10.464112281799316
92 10.462620735168457
93 10.460896492004395
94 10.460627555847168
95 10.461688995361328
96 10.462576866149902
97 10.462249755859375
98 10.461167335510254
99 10.460529327392578
100 10.460856437683105
101 10.461532592773438
102 10.461682319641113
103 10.461161613464355
104 10.460613250732422
105 10.46058464050293
106 10.460968971252441
107 10.461212158203125
108 10.46102523803711
109 10.460657119750977
110 10.460525512695312
111 10.46070384979248
112 10.460905075073242
113 10.460866928100586
114 10.460652351379395
115 10.460522651672363
116 10.460590362548828
117 10.460726737976074
118 10.460740089416504
119 10.460627555847168
120 10.460528373718262
121 10.46054744720459
122 10.460631370544434
123 10.460655212402344
124 10.460594177246094
125 10.460530281066895
126 10.460533142089844
127 10.460580825805664
128 10.460601806640625
129 10.46056842803955
130 10.460528373718262
131 10.460525512695312
132 10.460556030273438
133 10.460569381713867
134 10.460551261901855
135 10.460528373718262
136 10.460524559020996
137 10.460542678833008
138 10.460550308227539
139 10.460538864135742
140 10.460521697998047
141 10.460526466369629
142 10.460535049438477
143 10.460537910461426
144 10.460529327392578
145 10.460522651672363
146 10.460524559020996
147 10.460530281066895
148 10.460531234741211
149 10.460527420043945
150 10.460521697998047
151 10.460522651672363
152 10.460526466369629
153 10.460529327392578
154 10.460524559020996
155 10.460521697998047
156 10.460524559020996
157 10.460524559020996
158 10.46052360534668
159 10.460521697998047
160 10.460519790649414
161 10.460521697998047
162 10.460522651672363
163 10.460522651672363
164 10.460521697998047
165 10.460521697998047
166 10.460521697998047
167 10.46052360534668
168 10.460522651672363
169 10.460521697998047
170 10.46052074432373
171 10.46052074432373
172 10.46052360534668
173 10.46052360534668
174 10.460522651672363
175 10.46052074432373
176 10.460521697998047
177 10.460521697998047
178 10.460519790649414
179 10.460522651672363
180 10.460522651672363
181 10.460519790649414
182 10.46052074432373
183 10.460519790649414
184 10.460518836975098
185 10.460519790649414
186 10.460519790649414
187 10.460521697998047
188 10.460522651672363
189 10.460521697998047
190 10.46052074432373
191 10.460521697998047
192 10.460521697998047
193 10.46052360534668
194 10.46052074432373
195 10.46052074432373
196 10.460521697998047
197 10.46052074432373
198 10.460521697998047
199 10.460521697998047
200 10.460519790649414
201 10.46052074432373
202 10.460519790649414
203 10.46052360534668
204 10.460521697998047
205 10.460522651672363
206 10.460522651672363
207 10.460521697998047
208 10.460522651672363
209 10.460519790649414
210 10.460522651672363
211 10.46052360534668
212 10.460524559020996
213 10.460521697998047
214 10.460522651672363
215 10.460522651672363
216 10.460522651672363
217 10.460521697998047
218 10.460521697998047
219 10.460522651672363
220 10.460522651672363
221 10.46052360534668
222 10.460519790649414
223 10.460522651672363
224 10.46052074432373
225 10.460522651672363
226 10.460522651672363
227 10.460522651672363
228 10.460522651672363
229 10.460522651672363
230 10.460521697998047
231 10.460521697998047
232 10.46052074432373
233 10.46052074432373
234 10.46052074432373
235 10.460522651672363
236 10.460522651672363
237 10.460519790649414
238 10.46052074432373
239 10.46052074432373
240 10.46052074432373
241 10.460522651672363
242 10.460519790649414
243 10.460522651672363
244 10.46052074432373
245 10.46052360534668
246 10.46052360534668
247 10.460522651672363
248 10.460522651672363
249 10.460519790649414
250 10.460522651672363
251 10.46052074432373
252 10.46052074432373
253 10.460522651672363
254 10.460522651672363
255 10.46052360534668
256 10.460522651672363
257 10.460519790649414
258 10.460522651672363
259 10.460522651672363
260 10.460522651672363
261 10.460522651672363
262 10.460519790649414
263 10.46052074432373
264 10.460522651672363
265 10.460522651672363
266 10.460522651672363
267 10.46052360534668
268 10.46052074432373
269 10.460519790649414
270 10.460522651672363
271 10.460522651672363
272 10.460522651672363
273 10.460522651672363
274 10.46052074432373
