0 59.343990325927734 0.019023784169645896 59.22250343859196 0.10245758265501606
1 6070.26904296875 221.53508126735687 5848.733992815018 0.0
2 22.69542121887207 4.017749726772308 18.63608118060973 0.041589006781578064
3 95.40525817871094 0.05951277315034531 95.08082148432732 0.26492433255771175
4 183.5933380126953 0.7875974141061306 179.2728513777256 3.5328878555446863
5 242.00302124023438 1.5041829412803054 233.7561892271042 6.74263534322381
6 273.79022216796875 1.9400711059570312 263.15449852496386 8.69567584991455
7 280.11383056640625 2.0297925770282745 268.9862137287855 9.097820300608873
8 266.20147705078125 1.8337078988552094 256.14888921380043 8.218940760940313
9 239.86376953125 1.4764428585767746 231.76977895200253 6.617627812549472
10 205.2779998779297 1.0398369878530502 199.57749869674444 4.660697927698493
11 166.9104461669922 0.6105755567550659 163.56320943683386 2.736686870455742
12 128.5209197998047 0.2615080662071705 127.08727978169918 1.1721165110357106
13 93.10179901123047 0.048223072197288275 92.8374352119863 0.21614269859855995
14 62.889076232910156 0.007146186544559896 62.849916871637106 0.032030228976509534
15 39.80772399902344 0.14769320376217365 38.99805701337755 0.6619820382911712
16 23.5869140625 0.46142781525850296 21.057304833084345 2.068185386247933
17 14.064416885375977 0.9270115792751312 8.982408591546118 4.154998328536749
18 10.538969993591309 1.5101029872894287 2.260368468123488 6.768497318029404
19 11.899178504943848 2.1670641601085663 0.01902343113670213 9.713091146200895
20 4.003030300140381 2.8493052423000336 1.1537250751280226 0.0
21 8.129709243774414 3.5295262932777405 4.600184321170673 0.0
22 13.531710624694824 4.168571710586548 9.363139455672354 0.0
23 19.244918823242188 4.7316983342170715 14.51321689877659 0.0
24 24.44989585876465 5.190922796726227 19.258975172415376 0.0
25 28.524497985839844 5.526612639427185 22.997890878468752 0.0
26 31.071678161621094 5.728256523609161 25.343423197045922 0.0
27 31.922107696533203 5.794359505176544 26.12774503417313 0.0
28 31.115346908569336 5.731664478778839 25.383677831850946 0.0
29 28.86330223083496 5.553766548633575 23.309532664716244 0.0
30 25.502666473388672 5.279382348060608 20.22328646387905 0.0
31 21.44204330444336 4.930439114570618 16.51160662062466 0.0
32 17.10979652404785 4.530201733112335 12.579592280089855 0.0
33 12.906933784484863 4.1015366315841675 8.805395208764821 0.0
34 9.169305801391602 3.665482759475708 5.503822299651802 0.0
35 6.141179084777832 3.2401763796806335 2.901001773425378 0.0
36 3.9614486694335938 2.8401661813259125 1.1212832445744425 0.0
37 2.662571907043457 2.476134568452835 0.18643660769157577 0.0
38 11.83981704711914 2.1549771428108215 0.025922862764673482 9.658915407955647
39 10.760552406311035 1.8631111085414886 0.5467125019640662 8.350730147212744
40 10.462359428405762 1.6074735820293427 1.6499599392409436 7.204926233738661
41 10.79626750946045 1.3915740102529526 3.1674590101465583 6.237233510240912
42 11.556709289550781 1.21613347530365 4.889691729331389 5.450883969664574
43 12.516776084899902 1.0798661708831787 6.596794235520065 4.840114444494247
44 13.461999893188477 0.9802798628807068 8.087964709848166 4.393754385411739
45 14.218083381652832 0.9143761098384857 9.205346021335572 4.098364349454641
46 14.669280052185059 0.8791680485010147 9.849555790424347 3.940556788817048
47 14.76590633392334 0.8719639554619789 9.985672640614212 3.908267014659941
48 14.521260261535645 0.89042529463768 9.639820414595306 3.9910133741796017
49 13.99969482421875 0.9324405044317245 8.887923045549542 4.179331546649337
50 13.298945426940918 0.9958745539188385 7.839417119976133 4.463652018457651
51 12.530130386352539 1.0782780796289444 6.61885587614961 4.83299639262259
52 11.79873275756836 1.176638975739479 5.348229481605813 5.273863980546594
53 11.189309120178223 1.2872318774461746 4.132521922001615 5.769557164981961
54 10.755748748779297 1.4056061655282974 3.0500143172685057 6.300127634778619
55 10.517677307128906 1.5267187505960464 2.1479882748099044 6.842971542850137
56 10.46274185180664 1.6451974511146545 1.4435323711950332 7.374010004103184
57 10.553459167480469 1.7556935548782349 0.928494360705372 7.869269326329231
58 10.736987113952637 1.8532719314098358 0.5770854758156929 8.306629549711943
59 10.955802917480469 1.9337854981422424 0.3545141989889089 8.667502857744694
60 11.157488822937012 1.9941840767860413 0.2250836727762362 8.938217915594578
61 11.302196502685547 2.0327132046222687 0.15857037928071804 9.110910970717669
62 11.367002487182617 2.0489961206912994 0.13411339812591905 9.183893326669931
63 11.346803665161133 2.043979525566101 0.14142007090413244 9.161408230662346
64 11.252220153808594 2.0197706520557404 0.17954805971385213 9.052900601178408
65 11.105210304260254 1.9793913066387177 0.2539038868417265 8.871914606541395
66 10.933540344238281 1.926477462053299 0.3723164091206854 8.634747195988894
67 10.765106201171875 1.864970088005066 0.5410752976604272 8.359062358736992
68 10.623132705688477 1.7988251745700836 0.7617186722927727 8.062591407448053
69 10.5228910446167 1.7317639142274857 1.02911389345536 7.76201325841248
70 10.470292091369629 1.667089119553566 1.3310716324485838 7.47213158942759
71 10.462336540222168 1.6075656861066818 1.6494348528794944 7.20533905737102
72 10.48905086517334 1.5553637444972992 1.9623209838755429 6.9713624976575375
73 10.536295890808105 1.5120497941970825 2.247022172086872 6.777223184704781
74 10.588993072509766 1.4786150753498077 2.483012482407503 6.627363998442888
75 10.6339111328125 1.4555279314517975 2.6544982293853536 6.523884121328592
76 10.661752700805664 1.4427891969680786 2.7521733334288 6.466787293553352
77 10.668157577514648 1.4399922788143158 2.7739142306381837 6.454251106828451
78 10.653695106506348 1.4463724941015244 2.7244765945943072 6.482848143205047
79 10.622909545898438 1.4608605802059174 2.614259416004643 6.5477858148515224
80 10.582770347595215 1.4821296334266663 2.457525195204653 6.643116749823093
81 10.540997505187988 1.5086480975151062 2.2703760326839983 6.761976294219494
82 10.504432678222656 1.5387398451566696 2.0688375929603353 6.896851805970073
83 10.477867126464844 1.5706572979688644 1.867297098506242 7.039910389110446
84 10.463479995727539 1.6026589274406433 1.6774786356836557 7.183346264064312
85 10.460860252380371 1.6330958306789398 1.5079940934083425 7.319768812507391
86 10.467458724975586 1.660495176911354 1.36438888090197 7.4425765965133905
87 10.47948932647705 1.6836366653442383 1.2495524628320709 7.546300053596497
88 10.492833137512207 1.7016145884990692 1.164337963273283 7.626879673451185
89 10.503902435302734 1.7138727754354477 1.1082073510624468 7.681822618469596
90 10.51025676727295 1.7202215939760208 1.0797582726809196 7.710278930142522
91 10.510881423950195 1.720823660492897 1.077082397241611 7.7129774782806635
92 10.506139755249023 1.71615931391716 1.0979130488703959 7.692071210592985
93 10.49747085571289 1.706969141960144 1.139624590286985 7.650879546999931
94 10.486899375915527 1.694187954068184 1.1991206454695202 7.593592436984181
95 10.47653579711914 1.6788698881864548 1.272730438504368 7.5249346774071455
96 10.468109130859375 1.662110596895218 1.3561820820905268 7.449817139655352
97 10.462691307067871 1.6449812203645706 1.444669869961217 7.3730408269912004
98 10.460577011108398 1.628468930721283 1.533076187770348 7.299030385911465
99 10.461342811584473 1.6134276986122131 1.6162969823926687 7.23161343485117
99 10.464064598083496 1.600548878312111 1.6896238390472718 7.17388872243464
100 10.467591285705566 1.5903373211622238 1.7491353047080338 7.1281190644949675
