0 32.00044250488281 5.717239122837782 26.283204674022272 0.0
1 39.06931686401367 0.18480051197911962 37.999335295986384 0.8851795217907671
2 33.8098030090332 0.1939769838936627 32.68716831551865 0.9286595641751774
3 15.936738967895508 0.7130941981449723 11.917391097405925 3.3062539091333747
4 10.554208755493164 1.760703096166253 0.9996218267094351 7.793882838450372
5 5.021752834320068 2.827111778780818 2.1946413953646697 0.0
6 8.37671184539795 3.4805007372051477 4.89621094748145 0.0
7 6.184656143188477 3.4314029216766357 2.753253066527865 0.0
8 10.568137168884277 2.522945242933929 3.9536399724189466 4.091551516205072
9 9.254350662231445 2.2911521466448903 2.8951597809921785 4.0680376323871315
10 5.809682846069336 2.2564035104587674 0.7758464323899477 2.7774326307699084
11 9.964425086975098 2.137655086815357 0.16347850568378866 7.66329203825444
12 10.69858455657959 1.8569535091519356 0.5928218264170937 8.248808878473938
13 10.476202011108398 1.5382670536637306 2.0814287842367776 6.856507050804794
14 11.118246078491211 1.2982647316530347 4.028934578644112 5.791045921854675
15 11.741280555725098 1.1814546436071396 5.2974215052090585 5.2624048655852675
16 11.674418449401855 1.1898398296907544 5.190222094883211 5.294356959871948
17 11.042394638061523 1.3069876246154308 3.920630931039341 5.814776533283293
18 10.475847244262695 1.5012189112603664 2.2943282738269772 6.680300426669419
19 10.425531387329102 1.7200544169172645 1.0450767838483443 7.660400244407356
20 10.764981269836426 1.8968714196234941 0.4120350156499626 8.456073745153844
21 10.988432884216309 1.9699273183941841 0.2224517129817798 8.796054478734732
22 10.751761436462402 1.910320507362485 0.29358943754982647 8.547852847725153
23 10.159976959228516 1.7234999677166343 0.695062238821265 7.741414646618068
24 9.64096450805664 1.440198180731386 1.6668857927143108 6.53388031758368
25 9.659235000610352 1.1322761406190693 3.286410041007912 5.240549690905027
26 9.965048789978027 0.93789446860319 4.614266149583273 4.412889055336564
27 9.319225311279297 0.9584890288533643 3.8655718963127583 4.495163272149512
28 8.530410766601562 1.1340134718921036 2.123372119895066 5.273024142370559
29 8.385788917541504 1.3054531561210752 1.0247983395202027 6.055537907406688
30 8.16783332824707 1.309915074147284 0.7406328299734923 6.117284819483757
31 7.716647624969482 1.1514381284359843 1.1294670428607185 5.435741932946257
32 7.846736431121826 1.0127763080818113 2.0588689143706973 4.775091201154282
33 7.6765336990356445 0.990731272213452 1.9773504262634458 4.708451905387019
34 7.182257652282715 1.0234044614771847 1.164450536487639 4.994402593118139
35 7.122147083282471 1.062604468781501 0.7399014548005395 5.31964102369966
36 7.005504131317139 0.995821780175902 0.9147052478723481 5.094976723717991
37 6.747594833374023 0.8363466321025044 1.538258882570517 4.372989061143016
38 6.651393413543701 0.6938048037361568 2.2943334557348862 3.663255562276229
39 6.510394096374512 0.6436494022043462 2.4885200423887 3.3782252412117515
40 6.0644378662109375 0.662743682777517 1.8027156935577295 3.598978223608327
41 5.896485805511475 0.7165051810875696 1.1096041060045692 4.07037639635055
42 5.722654342651367 0.7449892735532231 0.8311711379081523 4.146493891579888
43 5.72750997543335 0.7787445248239919 0.8515958742542594 4.097170193396382
44 5.662593841552734 0.7597066635503325 0.7596806839939496 4.143206403858018
45 5.371817111968994 0.6908018260838225 0.704656561337687 3.976359165884676
46 5.002771377563477 0.6134107890997313 0.8966062969859927 3.492754056204491
47 5.249793529510498 0.5331073039684231 1.3125321354342647 3.4041543569150168
48 5.361638069152832 0.4737716719628793 1.7633249251157685 3.1245411443660287
49 5.2732062339782715 0.42921477025991805 1.860816706194122 2.9831745759893167
50 5.063763618469238 0.4128890818633977 1.6039287032467966 3.0469463050806427
51 4.669251441955566 0.4235186854982622 1.2190281487370733 3.026704421262506
52 4.509529113769531 0.44377578842005505 0.9781413989894849 3.0876115935049286
53 4.643226146697998 0.45679186547113204 0.8984724764812053 3.2879614750302295
54 4.406881332397461 0.4188415294411243 0.8713908610645872 3.11664892852194
55 4.2102460861206055 0.3520654339559286 0.8887001737619142 2.9694808891490823
56 4.045273303985596 0.2959913782743513 1.0929849989905056 2.656296980432238
57 3.9284298419952393 0.2495009320286954 1.3417190121937959 2.3372098432532553
58 3.739572763442993 0.21408659863107005 1.3089603545591488 2.2165259095494223
59 3.5610995292663574 0.2005273952667821 1.0869051316788791 2.2736668043458836
60 3.366978645324707 0.1949242278174097 0.9405959578211607 2.231458347385548
61 3.254485607147217 0.19298864805580518 0.9716251556110209 2.0898718828902387
62 3.166090726852417 0.16888661533191396 1.0595916695679524 1.9376124301296702
63 3.0592095851898193 0.12484518551790602 1.1737444869695952 1.760620000100105
64 2.975022077560425 0.08616132444281632 1.3130959841034482 1.5757647509606345
65 2.8429372310638428 0.06953423457954133 1.289194647075396 1.4842084652703775
66 2.6935930252075195 0.07887275454337583 1.0298071533012183 1.5849130519054393
67 2.5857717990875244 0.08682804021960822 0.8401564200509241 1.6587874402468334
68 2.448082447052002 0.06531785106641053 0.8971090021128902 1.4856556487898005
69 2.3847873210906982 0.03894080546459655 1.0789489740957663 1.2668976156079257
70 2.283456802368164 0.0390320406220539 0.9840129107449513 1.2604120369449925
71 2.2001688480377197 0.05753890856072985 0.7501972659554674 1.3924328159558321
72 2.144601345062256 0.05633786897634252 0.7298850552235067 1.3583784825348229
73 2.0921740531921387 0.033558629423509956 0.8328845365582204 1.2257310820779335
74 2.0388009548187256 0.022722663020061873 0.7851302050063641 1.230948098056954
75 1.9398505687713623 0.02981424271101929 0.6091511821926384 1.3008849314089037
76 1.8870720863342285 0.028281120177922503 0.5362746099006555 1.3225162727760864
77 1.842464566230774 0.010866697019036309 0.5119212093966654 1.3196767017714155
78 1.8024405241012573 0.006897422474686943 0.5478429194215073 1.2477000990961555
79 1.7571465969085693 0.009399265525989603 0.3891331067569572 1.3586142357854043
80 1.7523109912872314 0.01024843846118495 0.372900260377371 1.3691623072373504
81 1.7529783248901367 0.013859648647127187 0.42474965266774767 1.3143691582184815
82 1.7357337474822998 0.010276708551585578 0.32448516850720277 1.4009718488646263
83 1.7447510957717896 0.01266226458619138 0.34507485043770086 1.3870139703712634
84 1.7631093263626099 0.010122140558591397 0.2324552808509314 1.5205318447908653
85 1.8334790468215942 0.03110832135273256 0.5034036433082747 1.298967175685875
86 1.88508141040802 0.02086093284352053 0.08040776825822404 1.7838128176945958
87 1.8022172451019287 0.02846503198315986 0.4486847293341043 1.3250675491060004
88 1.7279689311981201 0.006131465334004105 0.24042714307312674 1.4814104100803038
89 1.8010485172271729 0.0056699001589183284 0.1273547686266525 1.6680238340218283
90 1.8985848426818848 0.03703770337233436 0.5538603609090893 1.3076869441592573
91 1.8924897909164429 0.013352901538861595 0.08835418825551922 1.7907827651997064
92 1.7425308227539062 0.012421143722150418 0.3418561443717967 1.388253553863299
93 1.740529179573059 0.01498575322846396 0.3581935647912625 1.3673498078208992
94 1.827154517173767 0.011704867218536918 0.12204924553287824 1.693400400154804
95 1.7624263763427734 0.020121202219723244 0.4146192102600894 1.327685974002975
96 1.7080787420272827 0.009626513236036471 0.2914633857889234 1.4069889167151108
97 1.7563687562942505 0.008233844109030386 0.17151306035563477 1.5766219588772241
98 1.749554991722107 0.017753024583704757 0.4336655515783403 1.29813648069772
99 1.6980977058410645 0.006106314043154981 0.2620506191621693 1.4299407056350564
100 1.7087292671203613 0.005133003185983309 0.2210812201419629 1.4825151719876732
101 1.7249462604522705 0.013604159049288356 0.4302928317303838 1.2810491033884137
102 1.6939088106155396 0.004633468352111092 0.24898343873202003 1.4402919128816158
103 1.6836941242218018 0.004384549157291362 0.2721080410932005 1.4072016864492964
104 1.7070053815841675 0.012102587905457263 0.4133514553220463 1.2815512550629675
105 1.698837161064148 0.004295937381556314 0.24744348116071269 1.4470977117181687
106 1.6761770248413086 0.005428436592915142 0.31955909601815274 1.3511893844017548
107 1.6903632879257202 0.009750293859919879 0.3862255351050463 1.2943873729940552
108 1.700626254081726 0.004195690827024895 0.248022628106384 1.4484080381730828
109 1.6790518760681152 0.0075787445746753335 0.36310603121373797 1.3083670526664855
110 1.6762970685958862 0.007332615810803134 0.3512445060865363 1.3177200913495297
111 1.6905022859573364 0.0044937510529761415 0.2617827462231411 1.424225746090271
112 1.682931900024414 0.009771112889517042 0.38726889059979797 1.2858919634566144
113 1.671724557876587 0.006007591769943588 0.3226379117239264 1.3430790006137419
114 1.6783726215362549 0.004824409956199149 0.2853517058660948 1.3881964306377077
115 1.6821503639221191 0.009814091414847237 0.39129172896773934 1.2810446494624161
116 1.6736128330230713 0.00481602590124533 0.3019805515575007 1.3668162426908468
117 1.6709027290344238 0.005187414239517629 0.31248855899812344 1.3532268102055633
118 1.6768559217453003 0.008356751639885474 0.3760445492686557 1.292454697315951
119 1.6756441593170166 0.004589357278142803 0.2871844880774442 1.3838703603352767
120 1.6690832376480103 0.006353604415355818 0.33462745604186583 1.3281021656280454
121 1.6704868078231812 0.007343758211676765 0.3468531489326542 1.3162899775761865
122 1.6735907793045044 0.00482093306529488 0.28196930563386274 1.3868005822036382
123 1.669496774673462 0.00778453159853898 0.34878371895972815 1.3129284844174398
124 1.6661444902420044 0.0063542247275023556 0.31516678640997975 1.3446235678560465
125 1.6682661771774292 0.005341714215782584 0.2878133935359217 1.3751110418708032
126 1.6690419912338257 0.008749843139319258 0.34739467973014404 1.3128974329149559
127 1.6659982204437256 0.0060326243554640335 0.2873841757049798 1.372581265511688
128 1.6645827293395996 0.006857741913911974 0.3001943080058518 1.3575305645944666
129 1.6662919521331787 0.00900958533740237 0.3310115063722918 1.3262710006875205
130 1.6664526462554932 0.006315936963865454 0.27450136930629954 1.3856353579898433
131 1.664160132408142 0.00855799437870175 0.31703480490071145 1.3385671130043897
132 1.6633281707763672 0.008067506641843636 0.30909331639171134 1.3461671688709145
133 1.6642452478408813 0.006587469649785405 0.2798439618140418 1.377813860591854
134 1.6638500690460205 0.009001617677056456 0.3241968548159238 1.330651525468471
135 1.6620008945465088 0.0068682594182929435 0.2889141946024545 1.3662184470739485
136 1.6609498262405396 0.007285608957701584 0.29606213671659165 1.3576021355975483
137 1.6611355543136597 0.008481822631499103 0.3171224510775489 1.3355313847355572
138 1.6608688831329346 0.006627716215697577 0.2826571702240023 1.3715840461295996
139 1.6596486568450928 0.008316098890649465 0.3146694940202615 1.3366630909856925
140 1.658541202545166 0.007605725158613907 0.3018105381348211 1.3491250366808494
141 1.6581552028656006 0.007144416830229261 0.29221067187988936 1.3588001345731042
142 1.6579087972640991 0.008790934774328463 0.3198759197581653 1.3292418705664046
143 1.6569509506225586 0.0071910417155436335 0.28877630573489466 1.3609836039806749
144 1.655677318572998 0.008345148380916712 0.3097487845529252 1.3375833649424473
145 1.654820203781128 0.008348118437707691 0.30787816272259594 1.338593958829313
146 1.6543446779251099 0.007600471741803894 0.2925857988511559 1.3541582656148559
147 1.6539247035980225 0.009152454491024642 0.3191835093884702 1.3255887262400354
148 1.653262734413147 0.007849966789868379 0.2961225766689516 1.3492901342538048
149 1.6526367664337158 0.008626496217226554 0.30966074605963867 1.3343494378689118
150 1.6523971557617188 0.008697799190082733 0.31212799914910677 1.3315713054312441
151 1.6523869037628174 0.007929776329330257 0.2994307400101286 1.3450264293641683
152 1.6522889137268066 0.009058086117708086 0.32013296465605023 1.3230978559395226
153 1.6520087718963623 0.00796487137940094 0.30396948679770913 1.3400745213920398
154 1.6517503261566162 0.008514653112699833 0.31510371591303765 1.328132042439627
155 1.6516882181167603 0.00854077521162025 0.3164241445983847 1.3267234018540774
156 1.651760458946228 0.00802646159142606 0.3081652156626885 1.3355688632534577
157 1.6518759727478027 0.00889412762254338 0.3234976983997055 1.3194843692207296
158 1.6519066095352173 0.008114770108432978 0.30985636546817763 1.3339355886242041
159 1.6519346237182617 0.008596166499085567 0.3194877937845513 1.323850784075642
160 1.6519496440887451 0.00853373199519547 0.3184638921536118 1.3249520292755652
161 1.6520087718963623 0.008139023582308447 0.31179989061940205 1.332070050994969
162 1.652035117149353 0.008689208644820923 0.32271393083371724 1.320631887075911
163 1.6519674062728882 0.008031294957815405 0.3104705261597497 1.33346570257467
164 1.6518210172653198 0.008454658084652067 0.3179205005506075 1.3254458558932334
165 1.6517012119293213 0.008323813761117904 0.31444128172261593 1.3289361505243993
166 1.6516355276107788 0.008204824589913784 0.31042519141235236 1.333005401699177
167 1.6515800952911377 0.00859944459269002 0.3161200460037886 1.3268607041789369
168 1.651506781578064 0.008102317976747875 0.30599006103239146 1.3374144758598356
169 1.6513971090316772 0.008577681841712703 0.31324405487135665 1.329575220607076
170 1.6512830257415771 0.0082119258211506 0.30603657569630927 1.337034576147282
171 1.651167631149292 0.00837976599387602 0.30785806286630724 1.3349299282160976
172 1.6511002779006958 0.008455865196478562 0.30774487345492807 1.3348993156335094
173 1.6511133909225464 0.008245390804469954 0.30326416000031853 1.339604087707599
174 1.651121973991394 0.008606511612511802 0.3088755213288079 1.33363997822875
175 1.651153564453125 0.008170499661682484 0.3012104709945136 1.3417724594121059
176 1.65117347240448 0.008606884877486093 0.30869910909348486 1.3338675117891945
177 1.6511704921722412 0.008188618896143751 0.3017956102379319 1.3411861571533483
178 1.6511476039886475 0.008529587434399577 0.3075628224065653 1.3350550836107886
179 1.6511261463165283 0.008299087011025108 0.30368716612544244 1.339139940011962
180 1.6511207818984985 0.008462742598662754 0.3065628902118588 1.3360952033746112
181 1.6511183977127075 0.008409185794953089 0.30570275057685714 1.337006373396427
182 1.6511142253875732 0.00839462841341998 0.3061214258069618 1.3365982539943706
183 1.65111243724823 0.008485047816536806 0.3083861922930864 1.3342412555068273
184 1.6511154174804688 0.008281480179187284 0.3057978289596399 1.337036139026254
185 1.6511207818984985 0.008545897208074305 0.31127518752765926 1.3312996750953512
186 1.6511280536651611 0.008163285231222561 0.305272991210358 1.337691784604354
187 1.6511480808258057 0.008637575546435627 0.3139811451859233 1.3285293900921062
188 1.6511694192886353 0.008070097890048533 0.30428349376505853 1.338815770347586
189 1.6511954069137573 0.008765616058986403 0.31672616610039883 1.3257036902720027
190 1.6512484550476074 0.007981227590109441 0.30299889188426427 1.34026823644728
191 1.6513118743896484 0.008933082498745054 0.31995017816550575 1.3224285206285757
192 1.6514065265655518 0.00783518075904377 0.30036451710644185 1.3432069094083197
193 1.6515679359436035 0.009179785734419021 0.3240516454928607 1.3183367272684876
194 1.6518409252166748 0.00757626849207238 0.2953159496997555 1.3489487168390302
195 1.6522700786590576 0.009636759283828678 0.3312188431225209 1.3114145899974443
196 1.6530643701553345 0.007150588210766529 0.28623909740811593 1.3596747062813717
197 1.654443383216858 0.01061028083051152 0.34514275586257703 1.2986904197440696
198 1.6571662425994873 0.00652111263425903 0.268945163376221 1.3817000293853603
199 1.6618705987930298 0.012857727185456191 0.3740025384445289 1.2750103766959318
200 1.6719268560409546 0.006017746728294249 0.2371912374000429 1.4287178134205167
201 1.68751060962677 0.018322821523462318 0.43473674498075354 1.2344509660992447
202 1.7216734886169434 0.0077554637910139945 0.1869836626405461 1.5269343033023977
203 1.7577441930770874 0.029810112408249267 0.5467088810137568 1.1812252379144192
204 1.82793390750885 0.015305514227591743 0.13526956482578711 1.6773588880027859
205 1.821631669998169 0.037882019883340945 0.6399820837513062 1.1437675693913194
206 1.807888388633728 0.014310038738167857 0.14110760409061598 1.6524706807423555
207 1.710105538368225 0.01954589137988272 0.5035653240191635 1.1869943353313022
208 1.6555778980255127 0.0065791583931726905 0.30413062186270445 1.3448682522213424
209 1.6736081838607788 0.006383205711157247 0.25326609939389966 1.4139588825639584
210 1.7213078737258911 0.021478851962935863 0.5265978055915781 1.1732310961463615
211 1.740691065788269 0.009845747619863232 0.18339575001203848 1.5474496048928161
212 1.6903082132339478 0.017303740316382488 0.4652267316834866 1.207777792681032
213 1.6548140048980713 0.007476172675983328 0.3098590367818311 1.3374788858086384
214 1.667824149131775 0.006740388787003226 0.2541499123194093 1.4069338795219437
215 1.6980689764022827 0.020579395974046122 0.4696673680072365 1.2078220941217563
216 1.7071088552474976 0.007602454018951654 0.20163881142047047 1.4978675656498486
217 1.6748474836349487 0.017162804330505876 0.41130641507529475 1.2463782327341741
218 1.6531296968460083 0.008437557069989055 0.29946023378301667 1.3452319584541064
219 1.6593799591064453 0.0072337205440562435 0.26342568022836677 1.3887205450939315
220 1.6782722473144531 0.017963060891576177 0.4162457432195623 1.244063479230871
221 1.6876485347747803 0.006648948449171854 0.217182475876454 1.463817152100809
222 1.6706377267837524 0.015568043977570056 0.3971681159327929 1.2579014229620225
223 1.6545480489730835 0.007168409891379568 0.27945066118570916 1.3679289029600161
224 1.6530518531799316 0.00733976553536686 0.2927982912909025 1.3529138012400568
225 1.6634577512741089 0.012977937127655936 0.378413495965098 1.2720662804202985
226 1.6724952459335327 0.005995825841541347 0.23509539345978325 1.4314040527415086
227 1.6676928997039795 0.01376047216107068 0.3940267516609879 1.259905764091025
228 1.6578335762023926 0.00646209302503209 0.2642503758533752 1.3871210904314137
229 1.651690125465393 0.0085068752929576 0.3170819799495095 1.3261013146455434
230 1.654424786567688 0.01030536890150735 0.3422179681751293 1.3019013561898793
231 1.6611567735671997 0.006302916964851413 0.25203808208066913 1.4028156637877724
232 1.6632362604141235 0.01331969309638259 0.37645577119160833 1.2734608343978746
233 1.6600176095962524 0.006437362107264755 0.2549009157090678 1.3986793097988721
234 1.65414559841156 0.010765101288594536 0.3350889135318358 1.3082915890609046
235 1.6514809131622314 0.008561975894354035 0.30493239542883527 1.3379865078900153
236 1.6531107425689697 0.007520976498810672 0.2806000049519488 1.364989863754741
237 1.6564356088638306 0.011708079607225308 0.34827387383388775 1.2964536651548424
238 1.6583096981048584 0.00658301625664337 0.262297058413288 1.389429542121996
239 1.6565914154052734 0.011594182826249355 0.3495464538802766 1.2954507415764343
240 1.653594732284546 0.007127564779215501 0.2806506977195246 1.3658164480069785
241 1.651492714881897 0.008850935610724253 0.31836554668588346 1.3242762178041279
242 1.6516315937042236 0.00894867257587073 0.3183895989052052 1.324293346900287
243 1.6532179117202759 0.007036466975772981 0.28546296673917737 1.3607184158172636
244 1.654613733291626 0.010456459244537974 0.34573406345758295 1.2984232421185489
245 1.6549551486968994 0.006725560347899506 0.2745296721911798 1.3736998547447663
246 1.6538931131362915 0.010156793659602315 0.34212630920687426 1.3016099405555008
247 1.6524285078048706 0.007285105587756746 0.2887285224158669 1.356414932572424
248 1.6513934135437012 0.008817212741336178 0.31689619896759336 1.3256800510198263
249 1.6512229442596436 0.00851375301674484 0.31292604465928237 1.329783094956369
250 1.651697039604187 0.007720177914308124 0.29369060620320103 1.3502863408104417
251 1.6524085998535156 0.009746015500855965 0.3290447531085379 1.313617773220977
252 1.6530324220657349 0.007201152711405534 0.28340729341521487 1.3624241434737874
253 1.653207778930664 0.010201099593807328 0.3329420208430926 1.31006454230667
254 1.6530230045318604 0.0071658547069972656 0.28338044600248524 1.362476745965843
255 1.6525158882141113 0.009787247072356564 0.32904362444989965 1.313684856870934
256 1.6519912481307983 0.007471401778054609 0.2896531361974902 1.3548667173314346
257 1.651509404182434 0.009012462903665863 0.32037319209910003 1.322123786843778
258 1.6511893272399902 0.007978935816558064 0.301109139905138 1.3421011372715927
259 1.6510722637176514 0.00827863926286021 0.30858979800382647 1.3342038358324526
260 1.6511223316192627 0.008480821016516371 0.3132134929194973 1.3294280747924547
261 1.6512900590896606 0.0077763665659844605 0.2989334964211495 1.3445802611132809
262 1.6514954566955566 0.008906049323000431 0.3212728899319127 1.3213165291061149
263 1.6517125368118286 0.007436258512080074 0.2933183510068758 1.3509579446847684
264 1.6519521474838257 0.009285327145488909 0.3254063764055902 1.3172604014430573
265 1.6522295475006104 0.007232267852873342 0.28913999174715144 1.35585716801788
266 1.6524949073791504 0.009678722594898659 0.32984310125251015 1.312972919985247
267 1.6528761386871338 0.007088385744633996 0.2835805699690126 1.3622071536274518
268 1.6533598899841309 0.010179571217153627 0.33662748219573857 1.3065529762579091
269 1.6541715860366821 0.006876240657752164 0.2759335737796106 1.3713616689907302
270 1.6552420854568481 0.01097486083535415 0.3471397820749954 1.2971273669934291
271 1.6571667194366455 0.006463672717248237 0.26523894851984764 1.385464049461298
272 1.6597203016281128 0.012311811667780503 0.3652175659097381 1.282190990139172
273 1.6643989086151123 0.005980022324657552 0.24783303207823582 1.4105859077605103
274 1.6701076030731201 0.014739382629139541 0.3967906134260222 1.2585776988400275
275 1.6810369491577148 0.005983874070394801 0.22119989656564432 1.4538531695098262
276 1.6919584274291992 0.01900676619003905 0.44636317955878724 1.2265883667255855
277 1.71315598487854 0.007304418787345668 0.18918786242082497 1.5166636857290863
278 1.7254986763000488 0.024511442745406953 0.5074080872649915 1.193579085753281
279 1.7488049268722534 0.009543647636267583 0.16597442364101056 1.5732870095124794
280 1.7403322458267212 0.02607623313236987 0.537373150493238 1.176882869496049
281 1.7326325178146362 0.008727199856294998 0.17824543024523365 1.5456599550322996
282 1.6969300508499146 0.01826681096429894 0.47376122466863535 1.2049019915917887
283 1.6687222719192505 0.006065359132261805 0.25142386067108546 1.411233136547236
284 1.653123140335083 0.008871009669956714 0.34427914780028074 1.2999729960778519
285 1.6556849479675293 0.010257403028193224 0.3632829806239505 1.2821445797136004
286 1.6702386140823364 0.006383002419395822 0.24510861220480962 1.4187472221769424
287 1.6840777397155762 0.01785410690770739 0.44106790248794425 1.2251557482164026
288 1.6940710544586182 0.006821865562645635 0.20927605422011553 1.4779731643602128
289 1.6865407228469849 0.019023154950463805 0.4392528313459252 1.2282647793231094
290 1.6762607097625732 0.006443062713170855 0.2293123164042381 1.4405054363098293
291 1.6618149280548096 0.013661414237087333 0.37624042844344313 1.2719130102127596
292 1.6532973051071167 0.007805389398543028 0.2865916724010044 1.3589001815504933
293 1.6515765190124512 0.008549117924128852 0.3035348503331058 1.339492527908462
294 1.6555657386779785 0.011554304505970059 0.35176274705646016 1.2922486598091876
295 1.6624152660369873 0.006480945906138347 0.2533691513603253 1.4025651844416818
296 1.6675370931625366 0.01445575934290691 0.3938690412210402 1.2592122888442094
297 1.670785665512085 0.006129383578556524 0.2356818215809671 1.4289745047928304
298 1.6682127714157104 0.014301750526773294 0.39597970794155746 1.2579314391164305
299 1.664194107055664 0.006175872572520308 0.2482178364493072 1.4098003093726077
300 1.6582454442977905 0.011767557519541061 0.3635115926630754 1.282966311811538
301 1.653817892074585 0.007100701883832716 0.28104468603312827 1.3656726689266603
302 1.6514968872070312 0.009022090126963533 0.3183965074117611 1.3240781960408619
303 1.651513695716858 0.009125629792269496 0.318570853819525 1.3238172368474648
304 1.6532883644104004 0.0073166993330073815 0.2807464833879727 1.3652250836199546
305 1.6558499336242676 0.011386920891528263 0.3483313675032944 1.2961316800533353
306 1.6586589813232422 0.006551053045479094 0.25784387878468173 1.3942640138226392
307 1.6604846715927124 0.012925625130014495 0.36551390982031373 1.2820452111870997
308 1.6621110439300537 0.006338152571134376 0.24854672781207698 1.4072262582417365
309 1.6620464324951172 0.013376316028361313 0.37160803201749104 1.2770618832766196
310 1.6621060371398926 0.006348359967993655 0.24924569101733196 1.406512047182646
311 1.6607177257537842 0.012847089764420616 0.3694093108696235 1.2784613176245294
312 1.6596345901489258 0.006413890528199878 0.2571910820026082 1.3960294609479367
313 1.6578028202056885 0.011726086250138934 0.36068306625651847 1.285393697060822
314 1.656437873840332 0.0065727161670228185 0.26892300336779357 1.380942111935394
315 1.6549019813537598 0.010642956769582934 0.3482974479571639 1.295961524349512
316 1.6537885665893555 0.006973047040037983 0.2809773414458364 1.3658381044098418
317 1.6528146266937256 0.009894012413202091 0.33501790237347345 1.3079026212910017
318 1.652134656906128 0.007546461047828856 0.29130475709262227 1.3532835633752622
319 1.651670217514038 0.009357037143081559 0.3232775529172912 1.319035590115313
320 1.6513991355895996 0.008043615639660051 0.2986532915682454 1.3447021586729369
321 1.651232361793518 0.008994334194810438 0.31464828760032615 1.3275897487723203
322 1.6511454582214355 0.008421471485476673 0.3037787718955021 1.3389451897442506
323 1.6511075496673584 0.008753194569123934 0.30911793248434655 1.3332363629465775
324 1.6510862112045288 0.008629518035222716 0.30743579433534723 1.3350208887191721
325 1.6510915756225586 0.008508010565698498 0.3057546660885043 1.336828915336013
326 1.6510977745056152 0.008720304229065334 0.31056197568969346 1.3318155352203735
327 1.651115894317627 0.00826963721283036 0.3033870820822093 1.339459137840309
328 1.6511753797531128 0.008849321841477797 0.3145274058325927 1.327798733815187
329 1.6513023376464844 0.007934700694582242 0.2993729581092042 1.343994690833405
330 1.6515120267868042 0.00913322790000981 0.32104056009898757 1.3213381209209145
331 1.6518919467926025 0.0074837135391061516 0.2917882605740567 1.3526199821251033
332 1.6526011228561401 0.009761263950817778 0.3320328848655937 1.3108069798054922
333 1.6539678573608398 0.0069052058301669605 0.27747120147943416 1.3695914332909602
334 1.6564345359802246 0.011371977000884215 0.35333546658584863 1.2917270206748088
335 1.6616220474243164 0.006229810838873889 0.2516484757927142 1.403743705444754
336 1.67087984085083 0.015244354515634662 0.3986389138809763 1.2569964553427573
337 1.6917963027954102 0.006340085532256873 0.2058804361924793 1.4795758690331147
338 1.7235761880874634 0.024948758565450646 0.49848041980141033 1.20014696424436
339 1.796583652496338 0.012526557097518154 0.14016629571016104 1.643890771951647
340 1.8573521375656128 0.043785856034446624 0.6779889712003069 1.1355772463945057
341 1.922546625137329 0.02853246344656324 0.09178841087890444 1.802225809384474
342 1.8481782674789429 0.03975899525130444 0.6809282273563895 1.1274909494455803
343 1.7421019077301025 0.010638049973763941 0.19616526262125866 1.5352985693905516
344 1.6598222255706787 0.008838117918838817 0.3744824122762225 1.2765018022233192
345 1.6912418603897095 0.015308083226165614 0.4713715538448824 1.2045621671319446
346 1.774867296218872 0.013160573067141357 0.18536842963014435 1.576338297550767
347 1.770080327987671 0.028492810042735073 0.6068452545986247 1.1347423259919474
348 1.7284985780715942 0.009182333564318412 0.1928439036179388 1.5264723656907506
349 1.6704926490783691 0.011409923781579678 0.40777492753917954 1.2513077870276397
350 1.66307532787323 0.013028794816184686 0.3810868454584977 1.2689596660052433
351 1.708345651626587 0.008493718954785567 0.1972074689910288 1.5026444380077164
352 1.7403531074523926 0.027435004949411312 0.5359703170579735 1.1769476491031554
353 1.7211600542068481 0.009332361550161927 0.17110941169599492 1.540718484610328
354 1.6841422319412231 0.019403300640563614 0.4148245956294545 1.2499143526777612
355 1.6685066223144531 0.010228542442597632 0.3317939637474601 1.3264841152319797
356 1.680047869682312 0.009274454252605757 0.23604176436818333 1.4347317479144204
357 1.697752594947815 0.020796085466078473 0.4588658493873233 1.2180907386033608
358 1.715307354927063 0.008191032829516498 0.22249953988828963 1.4846167843861315
359 1.6861683130264282 0.017081910050551485 0.41121433568268917 1.2578721941471886
360 1.658920407295227 0.0059282798578213225 0.29706314037743625 1.3559289377396275
361 1.6613844633102417 0.005830156990209279 0.302454945655924 1.3530993324473268
362 1.678034782409668 0.014223116202018327 0.3963877049014033 1.2674240911643824
363 1.6849271059036255 0.006182977952616575 0.23537124609836824 1.4433729826166428
364 1.6751205921173096 0.01366503760975668 0.41524334118218187 1.2462122346938918
365 1.6666357517242432 0.007627318251634763 0.2533820499266497 1.405626249622446
366 1.6577119827270508 0.008463270865143119 0.32416464792389166 1.3250841393813144
367 1.6581969261169434 0.011316983023845123 0.3458942837149799 1.3009855754164434
368 1.669680118560791 0.006939583762049395 0.23059330313501292 1.4321471601267879
369 1.673301339149475 0.015586341081780475 0.3947535153617139 1.262961393557812
370 1.665448546409607 0.006865342202190261 0.23830034873013073 1.4202830288846366
371 1.6585804224014282 0.012461048156833687 0.33276347318265287 1.3133558223719874
372 1.6567457914352417 0.007861002482900892 0.3049101268178046 1.3439744719078308
373 1.654807209968567 0.0074945019245653555 0.27947277305486745 1.3678399404843167
374 1.656731128692627 0.010548489339859302 0.34282545927356 1.3033570927964742
375 1.6625574827194214 0.005929521179755426 0.2711364721352669 1.3854915606374303
376 1.6611510515213013 0.011564402181914346 0.35071795441123377 1.298868750904018
377 1.6557260751724243 0.006266294037443387 0.27550754284554924 1.3739522146596457
378 1.6541088819503784 0.008649843600957219 0.33629556628142243 1.3091633952865331
379 1.6545321941375732 0.008404391552318452 0.3046614006505125 1.3414664485702017
380 1.6536695957183838 0.006949036443394618 0.29259164450970554 1.3541289357545079
381 1.6552109718322754 0.010361979337675464 0.3462182362331794 1.2986307808001616
382 1.6578965187072754 0.007122927106835819 0.2626587309632207 1.388114892340638
383 1.6564842462539673 0.01077667291210041 0.34992589250157813 1.2957816574527343
384 1.653871774673462 0.006969329256035994 0.2770179543129959 1.3698843981902553
385 1.6534440517425537 0.009687363041780195 0.3166069596029909 1.3271498355897213
386 1.6530729532241821 0.007693580237360109 0.306432418918698 1.338946828335886
387 1.651755452156067 0.008092944840105476 0.29778515338874967 1.34587742866029
388 1.6521716117858887 0.009052601603221772 0.3161776689812461 1.3269413554167098
389 1.6535918712615967 0.007050548603454665 0.2944591740141959 1.3520822334753309
390 1.6535803079605103 0.009726104405333946 0.32594629511182316 1.3179079647724503
391 1.653214931488037 0.0067905771669636295 0.28468175326459755 1.3617425998464832
392 1.6532979011535645 0.009407567500291592 0.3362564710380601 1.3076337944736167
393 1.653032660484314 0.007305179888050156 0.28486234192520266 1.3608650520431957
394 1.6520613431930542 0.008925928557735219 0.32570159433479745 1.3174339275169125
395 1.651495337486267 0.007760055794633125 0.3025861077066122 1.3411491344897668
396 1.6516222953796387 0.008281413982250685 0.30456801951730655 1.3387728744308174
397 1.6516478061676025 0.008271489835312451 0.3163708995314722 1.3270054923983448
398 1.6515130996704102 0.0076309079432342886 0.29662639682387815 1.3472556519490553
399 1.6518157720565796 0.00898801984968678 0.31662788853700086 1.3261998418746517
