0 671.5512084960938 9.013674356043339 621.5008392035961 41.03670597821474
1 400.2416687011719 3.7665269672870636 379.20293913781643 17.2722608409822
2 216.4108428955078 1.0838700042068012 210.12215207330883 5.204829629226452
3 99.08438110351562 0.5667936436839227 95.6183831316769 2.8992144641584554
4 63.97758483886719 2.7566655016853474 55.20860826440672 6.012313377847022
5 66.66708374023438 5.027688667178154 55.36147414181302 6.277916428167373
6 61.42073059082031 5.939444223418832 49.93179268215496 5.549494648352265
7 45.41294479370117 6.042594872415066 39.37035239081888 0.0
8 35.95368194580078 5.870351810008287 30.083326770109124 0.0
9 30.433574676513672 5.685014646500349 24.74855706305243 0.0
10 28.520355224609375 5.577095132321119 22.943262598477304 0.0
11 28.43439292907715 5.538357086479664 22.896035091020167 0.0
12 28.347549438476562 5.510859556496143 22.836690104566514 0.0
13 27.029075622558594 5.411633722484112 21.617445015581325 0.0
14 23.983139038085938 5.167014952749014 18.816124026896432 0.0
15 19.425270080566406 4.754509270191193 14.67075928626582 0.0
16 14.166687965393066 4.235550045967102 9.931135578546673 0.0
17 9.226448059082031 3.672724664211273 5.553725537611172 0.0
18 5.368831634521484 3.112489253282547 2.256341812899336 0.0
19 2.9949190616607666 2.5914672315120697 0.40345268964301795 0.0
20 11.743088722229004 2.1347866356372833 0.03988177507380897 9.56841867044568
21 10.518980979919434 1.7283244580030441 1.044059591658879 7.746597124263644
22 10.801162719726562 1.3899421095848083 3.1812992633786052 6.229919098317623
23 12.148591041564941 1.1263830065727234 5.973598605487496 5.048609547317028
24 13.956974029541016 0.9360597878694534 8.825363079085946 4.195553692057729
25 15.620620727539062 0.8126340135931969 11.165642684791237 3.642341739498079
26 16.67407989501953 0.7484167143702507 12.571153913158923 3.354510630480945
27 16.881044387817383 0.7367509454488754 12.842067654710263 3.302222987636924
28 16.254878997802734 0.7729498818516731 12.017460772767663 3.464471791870892
29 15.01583480834961 0.853829100728035 10.33502037404105 3.826984005048871
30 13.505099296569824 0.9762489795684814 8.153162950184196 4.375687390565872
31 12.082700729370117 1.1353373378515244 5.8586187672335654 5.088744139298797
32 11.035611152648926 1.3230450302362442 3.7824891414493322 5.930076831951737
33 10.516725540161133 1.527534544467926 2.14255926606711 6.846628047525883
34 10.525123596191406 1.7336836010217667 1.020824494480621 7.770617568865418
35 10.92801284790039 1.924637883901596 0.3768709245923674 8.626501943916082
36 11.513853073120117 2.0840791165828705 0.08863041826771223 9.341140326112509
37 12.059406280517578 2.1986538767814636 0.00606946340212744 9.854680769145489
38 2.261375904083252 2.2599785029888153 0.00139780421704927 0.0
39 2.32138991355896 2.306197851896286 0.015191061911536963 0.0
40 2.366244077682495 2.3350943326950073 0.031151784105531988 0.0
41 2.384385347366333 2.3458651900291443 0.038518532064699684 0.0
42 2.3729612827301025 2.3391356468200684 0.03382618591786013 0.0
43 2.3372366428375244 2.316824346780777 0.020412318144735764 0.0
44 2.287999391555786 2.281885504722595 0.0061142697688865155 0.0
45 12.268895149230957 2.2379721999168396 1.447554390132666e-05 10.030911110341549
46 11.80062198638916 2.1468726098537445 0.03115830466413172 9.622589733451605
47 11.261683464050293 2.0222488045692444 0.17542534584208624 9.06400803476572
48 10.80185604095459 1.879521906375885 0.4980485232954379 8.424285687506199
49 10.525100708007812 1.7336650341749191 1.0209036016021855 7.770534349605441
50 10.464982032775879 1.5975164324045181 1.7071687712450512 7.160296866670251
51 10.585028648376465 1.480843722820282 2.4668327131075785 6.637353114783764
52 10.800618171691895 1.3901224583387375 3.1797678727889434 6.230727447196841
53 11.012619018554688 1.3288424760103226 3.7277174252085388 5.956061812117696
54 11.14073657989502 1.2980497777462006 4.024643232114613 5.818044539541006
55 11.145919799804688 1.2968758940696716 4.0362598560750484 5.812783025205135
56 11.036256790161133 1.3228841871023178 3.7840162171050906 5.929355910047889
57 10.856795310974121 1.372221827507019 3.334079155465588 6.150494262576103
58 10.668910026550293 1.4396668374538422 2.7764503844082355 6.452792432159185
59 10.527472496032715 1.5187381356954575 2.201531262253411 6.807201286777854
60 10.463658332824707 1.6020042896270752 1.6812405388918705 7.180412083864212
61 10.47823715209961 1.681659609079361 1.259135622822214 7.537438604980707
62 10.546075820922852 1.7503158450126648 0.950595143949613 7.84516566246748
63 10.62876033782959 1.8018774390220642 0.7506139330507722 8.07627209275961
64 10.689783096313477 1.8322978615760803 0.6448602453747299 8.21262077242136
65 10.706766128540039 1.8400590121746063 0.6192975495650899 8.247407358139753
66 10.67692756652832 1.826244443655014 0.6651962206524331 8.185488488525152
67 10.614828109741211 1.7942262291908264 0.7786233504884876 8.041978277266026
68 10.54435920715332 1.749033898115158 0.9559078549500555 7.8394197933375835
69 10.488738059997559 1.6965653449296951 1.1879221591516398 7.604248242452741
70 10.462238311767578 1.642794817686081 1.4561992706148885 7.36324105784297
71 10.466512680053711 1.5931130647659302 1.7328371829353273 7.14056034386158
72 10.492003440856934 1.5518620163202286 1.984476114739664 6.9556672517210245
73 10.523272514343262 1.522082358598709 2.178997239097953 6.822190571576357
74 10.545577049255371 1.505436658859253 2.2925582859897986 6.747582167387009
75 10.550252914428711 1.5022487938404083 2.314708485500887 6.733293700963259
76 10.536877632141113 1.5116205662488937 2.249961258494295 6.77529932372272
77 10.512081146240234 1.5315993279218674 2.1156369551317766 6.864846987649798
78 10.485832214355469 1.5593837797641754 1.937069168779999 6.989380870014429
79 10.46709156036377 1.591591626405716 1.7417586169904098 7.1337410397827625
80 10.460521697998047 1.6245887726545334 1.554297751863487 7.281638963147998
81 10.46541976928711 1.6548542976379395 1.3932698636199348 7.41729336977005
82 10.476825714111328 1.6793605536222458 1.2703324653557502 7.527133909985423
83 10.488216400146484 1.69590225815773 1.191039596160408 7.601276192814112
84 10.494272232055664 1.7033149152994156 1.1564567364985123 7.634500781074166
85 10.492788314819336 1.701561078429222 1.1645865856553428 7.626639833673835
86 10.485013008117676 1.6916570216417313 1.211108764691744 7.5822484362870455
87 10.474573135375977 1.6754608899354935 1.2894568688352592 7.509655060246587
88 10.465594291687012 1.6553730219602585 1.3905991250067018 7.419618366286159
89 10.460941314697266 1.633995071053505 1.5031479089520872 7.3237993363291025
90 10.461286544799805 1.6138130128383636 1.6141329403035343 7.233340468257666
91 10.465169906616211 1.5969337671995163 1.7105510630062781 7.157685277983546
92 10.469976425170898 1.5848925411701202 1.7813662171829492 7.103714782744646
93 10.473191261291504 1.578553631901741 1.8193320877617225 7.0753028858453035
94 10.473443031311035 1.5780890434980392 1.8221349455416203 7.07322053425014
95 10.470876693725586 1.5830212533473969 1.7925248417304829 7.095327403396368
96 10.466809272766113 1.5923218876123428 1.737474093097262 7.137014174833894
97 10.463004112243652 1.6045629680156708 1.6665634966921061 7.1918804459273815
98 10.460824966430664 1.6180913150310516 1.590217521879822 7.252516429871321
99 10.460714340209961 1.6312341392040253 1.5180570329539478 7.311424445360899
100 10.462173461914062 1.6424843966960907 1.4578420275938697 7.361849706619978
101 10.464132308959961 1.6506748795509338 1.4148970315000042 7.398560620844364
102 10.465496063232422 1.6550947278738022 1.392031683062669 7.418371012434363
103 10.46565055847168 1.6555500328540802 1.3896875438513234 7.420411754399538
104 10.46462345123291 1.6523451656103134 1.4062305894913152 7.406047081574798
105 10.46296501159668 1.6462033987045288 1.4382481182110496 7.378518804907799
106 10.461443901062012 1.638143926858902 1.4809042192064226 7.3423951007425785
107 10.460609436035156 1.6293259263038635 1.5284126688493416 7.302871562540531
108 10.460638999938965 1.6208917796611786 1.574676773743704 7.2650685124099255
109 10.461281776428223 1.6138316839933395 1.6140279435785487 7.233424155041575
110 10.46208381652832 1.6088774651288986 1.6419861468602903 7.211218638345599
111 10.462581634521484 1.6064382195472717 1.6558531115879305 7.200285591185093
112 10.462545394897461 1.6065807044506073 1.655041184858419 7.200924228876829
113 10.462048530578613 1.6090506166219711 1.6410028556128964 7.211994728073478
114 10.461350440979004 1.6133299618959427 1.6168470337288454 7.231175364926457
115 10.460776329040527 1.6187215447425842 1.5867119462927803 7.255341209471226
116 10.460529327392578 1.6244491040706635 1.555063447158318 7.281012948602438
117 10.460627555847168 1.6297555714845657 1.5260770567692816 7.304797293618321
118 10.46094036102295 1.6340002864599228 1.5031187317799777 7.323822712525725
119 10.461249351501465 1.63673534989357 1.488435217179358 7.33608165755868
120 10.461384773254395 1.6377454698085785 1.483031173411291 7.340609159320593
121 10.461294174194336 1.6370589137077332 1.4867035931092687 7.337531916797161
122 10.461037635803223 1.6349186152219772 1.4981791598256677 7.3279387932270765
123 10.460748672485352 1.6317397207021713 1.5153193101286888 7.313690533861518
124 10.46056079864502 1.6280368864536285 1.5354303951608017 7.297093901783228
125 10.460528373718262 1.6243462562561035 1.5556295253918506 7.280551970005035
126 10.46062183380127 1.6211535930633545 1.5732293188921176 7.2662419974803925
127 10.46076774597168 1.6188312768936157 1.586102410510648 7.2558330446481705
128 10.46086597442627 1.6176068037748337 1.5929153829347342 7.250344781205058
129 10.4608736038208 1.6175399422645569 1.5932883165078238 7.250045098364353
130 10.460792541503906 1.6185328513383865 1.5877617080695927 7.254495458677411
131 10.460662841796875 1.6203540712594986 1.577653153508436 7.26265842653811
132 10.46056079864502 1.6226827502250671 1.5647855069255456 7.273095898330212
133 10.46052360534668 1.625156208872795 1.5511836024234071 7.284182293340564
134 10.460543632507324 1.6274242848157883 1.5387716950499453 7.294348133727908
135 10.460604667663574 1.6291947066783905 1.5291255575721152 7.3022834174335
136 10.460654258728027 1.630271166563034 1.5232771783485077 7.307108264416456
137 10.460671424865723 1.6305679231882095 1.521667399792932 7.308438370004296
138 10.460646629333496 1.630116268992424 1.524117152148392 7.306413991376758
139 10.46059799194336 1.629049301147461 1.5299168342608027 7.301631689071655
140 10.460550308227539 1.6275739669799805 1.5379548369674012 7.295019030570984
141 10.460526466369629 1.6259344518184662 1.5469184957328252 7.287670489400625
142 10.460525512695312 1.6243775486946106 1.55545692803571 7.2806922271847725
143 10.460549354553223 1.6231145858764648 1.5624048962490633 7.2750314474105835
144 10.460577011108398 1.6222958713769913 1.5669178034295328 7.271361852064729
145 10.460589408874512 1.6219978630542755 1.5685631288215518 7.270026136189699
146 10.460582733154297 1.6222146153450012 1.567366864765063 7.270997650921345
147 10.460555076599121 1.622867375612259 1.563767593470402 7.2739234156906605
148 10.460535049438477 1.6238210648298264 1.5585159079637378 7.2781979870051146
149 10.460525512695312 1.6249102503061295 1.5525320192682557 7.28307987190783
150 10.46052360534668 1.625965639948845 1.5467480558436364 7.28781027905643
151 10.460532188415527 1.6268346309661865 1.5419938205741346 7.291705220937729
152 10.460545539855957 1.6274078041315079 1.5388617949793115 7.29427426494658
153 10.460549354553223 1.6276286244392395 1.5376575174741447 7.295264013111591
154 10.46054458618164 1.6274974048137665 1.5383732828195207 7.2946758680045605
155 10.460536003112793 1.6270664036273956 1.5407276956830174 7.292744059115648
156 10.460526466369629 1.6264275163412094 1.5442186826840043 7.289880475029349
157 10.460521697998047 1.6256972551345825 1.5482167771551758 7.286607339978218
158 10.46052074432373 1.6249926537275314 1.5520812114118598 7.283449215814471
159 10.460527420043945 1.6244167685508728 1.5552414895500988 7.280868016183376
160 10.460530281066895 1.6240450143814087 1.5572845080168918 7.2792017608881
161 10.460533142089844 1.6239130645990372 1.558010341541376 7.278610343113542
162 10.460533142089844 1.6240160167217255 1.5574446742539294 7.279071789234877
163 10.460530281066895 1.6243172585964203 1.555788047844544 7.280421998351812
164 10.460525512695312 1.6247532665729523 1.5533940814202651 7.2823762483894825
165 10.460519790649414 1.6252445578575134 1.5506979668862186 7.284578286111355
166 10.460522651672363 1.6257097721099854 1.5481497929431498 7.286663442850113
167 10.46052360534668 1.6260817348957062 1.546112014038954 7.2883306331932545
168 10.460530281066895 1.6263118386268616 1.544852772494778 7.2893619909882545
169 10.460527420043945 1.62637859582901 1.5444863113225438 7.289661206305027
170 10.460524559020996 1.6262870132923126 1.5449888983857818 7.28925072029233
171 10.460525512695312 1.6260652542114258 1.5462030385970138 7.288256764411926
172 10.460519790649414 1.6257598400115967 1.547874870011583 7.286887854337692
173 10.46052360534668 1.6254257410764694 1.5497057375614531 7.285390375182033
174 10.460521697998047 1.6251194924116135 1.5513848632690497 7.284017724916339
175 10.460522651672363 1.6248866766691208 1.5526622891775332 7.282974211499095
176 10.460522651672363 1.6247555613517761 1.5533816503011622 7.2823865339159966
177 10.46052360534668 1.624738559126854 1.5534744213800877 7.282310327515006
178 10.46052074432373 1.6248266994953156 1.5529914569924586 7.282705385237932
179 10.460525512695312 1.624996617436409 1.5520586093771271 7.283466981723905
180 10.460527420043945 1.6252150386571884 1.5508616261649877 7.2844459768384695
181 10.460521697998047 1.6254412829875946 1.5496199525659904 7.285460036247969
182 10.46052074432373 1.625636339187622 1.5485509790596552 7.286334306001663
183 10.460527420043945 1.6257740259170532 1.5477977148839273 7.286951437592506
184 10.460526466369629 1.6258362978696823 1.5474558077403344 7.287230549380183
185 10.46052074432373 1.6258195042610168 1.5475469350349158 7.287155278027058
186 10.460525512695312 1.6257341802120209 1.5480158245190978 7.286772843450308
187 10.460522651672363 1.6255994141101837 1.5487527535879053 7.286168802529573
188 10.460524559020996 1.6254435777664185 1.5496066995547153 7.285470321774483
189 10.460524559020996 1.6252934783697128 1.5504313656128943 7.284797554835677
190 10.460521697998047 1.6251758188009262 1.5510768591775559 7.284270187839866
191 10.460522651672363 1.6251046806573868 1.5514666415401734 7.28395133651793
192 10.460521697998047 1.6250870525836945 1.551563419343438 7.283872324973345
193 10.460522651672363 1.6251209527254105 1.5513770552934147 7.284024270251393
194 10.460521697998047 1.6251976191997528 1.550955938291736 7.284367900341749
195 10.460518836975098 1.625300258398056 1.5503931476268917 7.284827943891287
196 10.460522651672363 1.6254071742296219 1.5498070357716642 7.285307155922055
197 10.460522651672363 1.625501573085785 1.549290373804979 7.285730265080929
198 10.460516929626465 1.6255687475204468 1.5489210360101424 7.286031350493431
199 10.460518836975098 1.6256000399589539 1.5487495687557384 7.286171607673168
200 10.460518836975098 1.6255920082330704 1.5487932317773812 7.286135608330369
201 10.460519790649414 1.6255499720573425 1.5490245944238268 7.285947196185589
202 10.460522651672363 1.6254845708608627 1.5493823229917325 7.285654058679938
203 10.460522651672363 1.6254106163978577 1.5497890568803996 7.285322584211826
204 10.460518836975098 1.6253409385681152 1.55017020937521 7.285010278224945
205 10.460522651672363 1.6252872198820114 1.5504640358267352 7.28476950339973
206 10.460516929626465 1.6252582222223282 1.5506230719620362 7.284639531746507
207 10.46052360534668 1.6252550929784775 1.5506410508533008 7.284625506028533
208 10.460522651672363 1.6252753287553787 1.5505311227752827 7.28471620567143
209 10.460517883300781 1.6253150701522827 1.5503112666192465 7.284894332289696
210 10.46052074432373 1.6253631561994553 1.5500485693337396 7.285109860822558
211 10.460518836975098 1.6254129111766815 1.549775084713474 7.28533286973834
212 10.460518836975098 1.6254549473524094 1.5495451603783295 7.2855212818831205
213 10.460524559020996 1.6254808157682419 1.5494033839786425 7.28563722781837
214 10.460517883300781 1.6254885345697403 1.5493604401126504 7.285671824589372
215 10.460521697998047 1.6254794597625732 1.549411089217756 7.285631150007248
216 10.460521697998047 1.6254555732011795 1.5495427974383347 7.285524087026715
217 10.460519790649414 1.6254216730594635 1.5497275177040137 7.285372141748667
218 10.46052074432373 1.6253878772258759 1.5499129571253434 7.285220663994551
219 10.460522651672363 1.625356063246727 1.5500867873197421 7.285078069195151
220 10.460517883300781 1.625334993004799 1.5502029823255725 7.284983629360795
221 10.460522651672363 1.6253261268138885 1.5502512684906833 7.284943889826536
222 10.46052074432373 1.6253292560577393 1.5502333923359402 7.28495791554451
223 10.46052074432373 1.6253435462713242 1.550156956363935 7.2850219663232565
224 10.46052360534668 1.6253656595945358 1.550035419058986 7.285121081396937
225 10.460518836975098 1.6253918409347534 1.5498903550906107 7.285238429903984
226 10.460518836975098 1.6254145801067352 1.5497664548456669 7.28534035012126
227 10.460519790649414 1.6254316866397858 1.5496729646110907 7.285417024046183
228 10.46052074432373 1.625441074371338 1.549621493613813 7.285459101200104
229 10.46052360534668 1.625438779592514 1.5496340274694376 7.28544881567359
230 10.460519790649414 1.6254299134016037 1.5496814917423762 7.285409076139331
231 10.460518836975098 1.625416561961174 1.5497555647743866 7.285349233075976
232 10.460518836975098 1.6254009157419205 1.5498405278776772 7.285279104486108
233 10.46052074432373 1.6253847479820251 1.549930114124436 7.285206638276577
234 10.460524559020996 1.6253707706928253 1.5500072692520916 7.285143990069628
235 10.46052074432373 1.6253603398799896 1.5500641852850094 7.285097237676382
236 10.460518836975098 1.6253580451011658 1.550076719140634 7.285086952149868
237 10.460525512695312 1.6253634691238403 1.550047850178089 7.285111263394356
238 10.460519790649414 1.6253748387098312 1.5499839480617084 7.285162223502994
239 10.460524559020996 1.6253875643014908 1.5499146009096876 7.285219261422753
240 10.460519790649414 1.6253977864980698 1.5498584040324204 7.285265078768134
241 10.460518836975098 1.6254049837589264 1.5498187477351166 7.285297337919474
242 10.460526466369629 1.625408947467804 1.5497968648560345 7.285315103828907
243 10.460522651672363 1.6254100948572159 1.5497922417125665 7.285320246592164
244 10.46052360534668 1.625407800078392 1.5498038509394974 7.28530996106565
245 10.460516929626465 1.6254032105207443 1.5498280967585742 7.285289390012622
246 10.460524559020996 1.625396952033043 1.549863951804582 7.2852613385766745
247 10.460522651672363 1.6253890246152878 1.5499075120897032 7.285225806757808
248 10.46052074432373 1.6253804713487625 1.5499535380513407 7.285187469795346
249 10.460516929626465 1.6253745257854462 1.5499863110017031 7.285160820931196
250 10.46052074432373 1.6253713965415955 1.5500041871564463 7.2851467952132225
251 10.460524559020996 1.6253707706928253 1.5500072692520916 7.285143990069628
252 10.46052074432373 1.6253725439310074 1.5499963791808113 7.2851519379764795
253 10.46052074432373 1.625376507639885 1.5499745990382507 7.285169703885913
254 10.460522651672363 1.6253819316625595 1.5499457300757058 7.285194015130401
255 10.460524559020996 1.625387355685234 1.5499153200653382 7.285218326374888
256 10.46052360534668 1.6253913193941116 1.5498950809706002 7.285236092284322
257 10.46052074432373 1.6253929883241653 1.5498849100549705 7.285243572667241
258 10.460518836975098 1.6253929883241653 1.54988419089932 7.285243572667241
259 10.460519790649414 1.6253918409347534 1.5498919988749549 7.285238429903984
260 10.460522651672363 1.6253890246152878 1.5499067929340526 7.285225806757808
261 10.46052074432373 1.625385269522667 1.5499270320287906 7.285208975896239
262 10.46052074432373 1.6253807842731476 1.549951997003518 7.285188872367144
263 10.460516929626465 1.6253781765699387 1.5499659691704437 7.285177184268832
264 10.460522651672363 1.6253776550292969 1.5499691540026106 7.28517484664917
265 10.460522651672363 1.6253788024187088 1.5499628870747983 7.285179989412427
266 10.460522651672363 1.6253816187381744 1.5499480930157006 7.285192612558603
267 10.460522651672363 1.625385582447052 1.5499262101366185 7.285210378468037
268 10.46052074432373 1.6253878772258759 1.5499129571253434 7.285220663994551
269 10.460524559020996 1.6253887116909027 1.5499083339818753 7.28522440418601
270 10.460522651672363 1.625388190150261 1.5499114160775207 7.285222066566348
271 10.460516929626465 1.6253864169120789 1.5499207651009783 7.285214118659496
272 10.46052360534668 1.6253836005926132 1.5499363810522482 7.28520149551332
273 10.460516929626465 1.6253816187381744 1.549946551967878 7.285192612558603
274 10.460516929626465 1.6253816187381744 1.5499472711235285 7.285192612558603
275 10.460516929626465 1.6253830790519714 1.5499394631478935 7.285199157893658
276 10.460522651672363 1.6253850609064102 1.5499285730766132 7.285208040848374
277 10.460524559020996 1.6253875643014908 1.5499146009096876 7.285219261422753
278 10.46052074432373 1.6253883987665176 1.5499091558740474 7.285223001614213
279 10.460522651672363 1.625388190150261 1.5499114160775207 7.285222066566348
280 10.460516929626465 1.6253864169120789 1.5499207651009783 7.285214118659496
281 10.46052360534668 1.6253836005926132 1.5499363810522482 7.28520149551332
282 10.460522651672363 1.6253819316625595 1.5499457300757058 7.285194015130401
283 10.460522651672363 1.6253810971975327 1.5499504559556954 7.285190274938941
284 10.460522651672363 1.6253819316625595 1.5499457300757058 7.285194015130401
285 10.460518836975098 1.6253832876682281 1.5499372029444203 7.285200092941523
286 10.460522651672363 1.625385582447052 1.5499254909809679 7.285210378468037
287 10.460522651672363 1.6253862082958221 1.5499215869931504 7.285213183611631
288 10.460522651672363 1.625385582447052 1.5499254909809679 7.285210378468037
289 10.460524559020996 1.6253839135169983 1.549935559160076 7.285202898085117
290 10.460524559020996 1.6253827661275864 1.5499411069322377 7.28519775532186
291 10.460524559020996 1.6253827661275864 1.5499418260878883 7.28519775532186
292 10.46052074432373 1.6253832876682281 1.5499379221000709 7.285200092941523
293 10.46052074432373 1.6253847479820251 1.549930114124436 7.285206638276577
294 10.460518836975098 1.625386729836464 1.5499192240531556 7.285215521231294
295 10.460524559020996 1.625387355685234 1.5499168611131608 7.285218326374888
296 10.460522651672363 1.6253862082958221 1.5499215869931504 7.285213183611631
297 10.460519790649414 1.6253842264413834 1.5499332989566028 7.285204300656915
298 10.460516929626465 1.6253830790519714 1.5499394631478935 7.285199157893658
299 10.460524559020996 1.6253827661275864 1.5499411069322377 7.28519775532186
300 10.46052074432373 1.6253832876682281 1.5499379221000709 7.285200092941523
301 10.46052074432373 1.62538443505764 1.549930936016608 7.28520523570478
302 10.460516929626465 1.6253864169120789 1.5499207651009783 7.285214118659496
303 10.460518836975098 1.625386729836464 1.5499192240531556 7.285215521231294
304 10.460522651672363 1.625385582447052 1.5499246690887958 7.285210378468037
305 10.460518836975098 1.6253832876682281 1.5499372029444203 7.285200092941523
306 10.460522651672363 1.6253821402788162 1.5499441890278831 7.285194950178266
307 10.460522651672363 1.6253819316625595 1.5499457300757058 7.285194015130401
308 10.46052360534668 1.6253824532032013 1.5499426479800604 7.285196352750063
309 10.460524559020996 1.6253839135169983 1.549935559160076 7.285202898085117
310 10.460522651672363 1.625385582447052 1.5499246690887958 7.285210378468037
311 10.460522651672363 1.6253862082958221 1.549922306148801 7.285213183611631
312 10.460522651672363 1.6253850609064102 1.5499278539209627 7.285208040848374
313 10.460522651672363 1.6253850609064102 1.5499285730766132 7.285208040848374
314 10.460522651672363 1.625385582447052 1.5499246690887958 7.285210378468037
315 10.460522651672363 1.6253850609064102 1.5499285730766132 7.285208040848374
316 10.460522651672363 1.6253850609064102 1.5499278539209627 7.285208040848374
317 10.460522651672363 1.6253862082958221 1.549923128040973 7.285213183611631
318 10.460522651672363 1.625385582447052 1.5499262101366185 7.285210378468037
319 10.46052360534668 1.6253836005926132 1.5499363810522482 7.28520149551332
320 10.460524559020996 1.6253827661275864 1.5499411069322377 7.28519775532186
321 10.460524559020996 1.6253827661275864 1.5499411069322377 7.28519775532186
322 10.46052360534668 1.6253836005926132 1.5499363810522482 7.28520149551332
323 10.460522651672363 1.6253850609064102 1.5499278539209627 7.285208040848374
324 10.460524559020996 1.625387355685234 1.5499161419575103 7.285218326374888
325 10.46052074432373 1.6253878772258759 1.5499129571253434 7.285220663994551
326 10.460518836975098 1.625386729836464 1.549918504897505 7.285215521231294
327 10.46052074432373 1.62538443505764 1.549930936016608 7.28520523570478
328 10.46052074432373 1.6253832876682281 1.5499379221000709 7.285200092941523
329 10.460516929626465 1.6253830790519714 1.5499394631478935 7.285199157893658
330 10.46052360534668 1.6253836005926132 1.5499363810522482 7.28520149551332
331 10.460522651672363 1.6253850609064102 1.5499293949687853 7.285208040848374
332 10.460518836975098 1.625386729836464 1.5499192240531556 7.285215521231294
333 10.460522651672363 1.625387042760849 1.549917683005333 7.285216923803091
334 10.460522651672363 1.625385895371437 1.5499239499331452 7.285211781039834
335 10.460518836975098 1.6253832876682281 1.5499372029444203 7.285200092941523
336 10.460522651672363 1.6253821402788162 1.5499449081835337 7.285194950178266
337 10.460516929626465 1.6253816187381744 1.5499472711235285 7.285192612558603
338 10.460516929626465 1.6253830790519714 1.5499394631478935 7.285199157893658
339 10.460522651672363 1.6253850609064102 1.5499278539209627 7.285208040848374
340 10.46052074432373 1.6253878772258759 1.5499129571253434 7.285220663994551
341 10.460522651672363 1.6253890246152878 1.5499075120897032 7.285225806757808
342 10.460522651672363 1.625388190150261 1.5499114160775207 7.285222066566348
343 10.460522651672363 1.6253862082958221 1.549922306148801 7.285213183611631
344 10.460516929626465 1.6253827661275864 1.5499402850400656 7.28519775532186
345 10.46052074432373 1.6253807842731476 1.549951997003518 7.285188872367144
346 10.46052074432373 1.6253804713487625 1.5499527161591686 7.285187469795346
347 10.46052360534668 1.6253824532032013 1.5499426479800604 7.285196352750063
348 10.460522651672363 1.6253850609064102 1.5499285730766132 7.285208040848374
349 10.460522651672363 1.625388190150261 1.5499114160775207 7.285222066566348
350 10.460522651672363 1.6253895461559296 1.5499044299940579 7.28522814437747
351 10.460522651672363 1.6253890246152878 1.5499067929340526 7.285225806757808
352 10.460524559020996 1.625387355685234 1.5499168611131608 7.285218326374888
353 10.460518836975098 1.6253839135169983 1.5499340181122534 7.285202898085117
354 10.460522651672363 1.6253821402788162 1.5499449081835337 7.285194950178266
355 10.460522651672363 1.6253810971975327 1.5499496340635233 7.285190274938941
356 10.460522651672363 1.6253821402788162 1.5499441890278831 7.285194950178266
357 10.460524559020996 1.6253839135169983 1.5499348400044255 7.285202898085117
358 10.460522651672363 1.6253862082958221 1.5499215869931504 7.285213183611631
359 10.460522651672363 1.625387042760849 1.549917683005333 7.285216923803091
360 10.460522651672363 1.6253862082958221 1.549922306148801 7.285213183611631
361 10.460518836975098 1.6253839135169983 1.5499340181122534 7.285202898085117
362 10.460516929626465 1.6253827661275864 1.5499402850400656 7.28519775532186
363 10.460524559020996 1.6253827661275864 1.5499411069322377 7.28519775532186
364 10.460518836975098 1.6253832876682281 1.5499372029444203 7.285200092941523
365 10.460522651672363 1.6253850609064102 1.5499285730766132 7.285208040848374
366 10.460524559020996 1.625387355685234 1.5499161419575103 7.285218326374888
367 10.46052074432373 1.6253878772258759 1.5499129571253434 7.285220663994551
368 10.460518836975098 1.625386729836464 1.5499192240531556 7.285215521231294
369 10.46052074432373 1.62538443505764 1.5499324770644307 7.28520523570478
370 10.460516929626465 1.6253827661275864 1.5499402850400656 7.28519775532186
371 10.46052360534668 1.6253824532032013 1.5499426479800604 7.285196352750063
372 10.460516929626465 1.6253830790519714 1.5499394631478935 7.285199157893658
373 10.46052074432373 1.62538443505764 1.5499317579087801 7.28520523570478
374 10.460518836975098 1.625386729836464 1.5499200459453277 7.285215521231294
375 10.460522651672363 1.625387042760849 1.549917683005333 7.285216923803091
376 10.460522651672363 1.625385895371437 1.5499239499331452 7.285211781039834
377 10.46052074432373 1.6253832876682281 1.5499379221000709 7.285200092941523
378 10.460522651672363 1.6253819316625595 1.5499457300757058 7.285194015130401
379 10.460522651672363 1.6253816187381744 1.5499480930157006 7.285192612558603
380 10.460516929626465 1.6253830790519714 1.5499394631478935 7.285199157893658
381 10.46052074432373 1.625385269522667 1.5499270320287906 7.285208975896239
382 10.460522651672363 1.625385895371437 1.5499239499331452 7.285211781039834
383 10.460522651672363 1.6253850609064102 1.5499293949687853 7.285208040848374
384 10.460522651672363 1.6253850609064102 1.5499293949687853 7.285208040848374
385 10.460522651672363 1.625385582447052 1.5499246690887958 7.285210378468037
386 10.460522651672363 1.6253850609064102 1.5499293949687853 7.285208040848374
387 10.460522651672363 1.6253850609064102 1.5499285730766132 7.285208040848374
388 10.460522651672363 1.6253862082958221 1.549923128040973 7.285213183611631
389 10.460522651672363 1.625385582447052 1.5499262101366185 7.285210378468037
390 10.46052074432373 1.6253832876682281 1.5499379221000709 7.285200092941523
391 10.460522651672363 1.6253821402788162 1.549943367135711 7.285194950178266
392 10.460522651672363 1.6253821402788162 1.549943367135711 7.285194950178266
393 10.46052074432373 1.6253832876682281 1.5499379221000709 7.285200092941523
394 10.460522651672363 1.6253850609064102 1.5499285730766132 7.285208040848374
395 10.460524559020996 1.625387355685234 1.5499153200653382 7.285218326374888
396 10.46052074432373 1.6253878772258759 1.5499122379696928 7.285220663994551
397 10.460522651672363 1.625387042760849 1.549917683005333 7.285216923803091
398 10.46052074432373 1.62538443505764 1.5499317579087801 7.28520523570478
399 10.460516929626465 1.6253830790519714 1.5499394631478935 7.285199157893658
399 10.460524559020996 1.6253827661275864 1.5499418260878883 7.28519775532186
400 10.46052074432373 1.6253832876682281 1.549938743992243 7.285200092941523
400 10.46052074432373 1.62538443505764 1.549930936016608 7.28520523570478
