0 221.7744903564453 1.215275704395026 214.7244150415063 5.834805360995233
1 66.57946014404297 0.03304844362486392 66.3926855865866 0.15372583020754504
2 15.498432159423828 0.881529294885695 10.695499973371625 3.9214050229638815
3 2.456254243850708 2.3790333475917578 0.07721992861479521 0.0
4 12.863224983215332 4.08383971452713 8.779385162284598 0.0
5 28.084579467773438 5.48464772477746 22.599933695513755 0.0
6 37.86563491821289 6.241134140640497 31.62449632398784 0.0
7 38.67682647705078 6.299100793898106 32.37772889621556 0.0
8 32.040321350097656 5.798332419246435 26.241989631205797 0.0
9 21.758441925048828 4.948993813246489 16.80944816954434 0.0
10 11.716753959655762 3.955707535147667 7.761047601699829 0.0
11 4.767656326293945 2.9846257530152798 1.7830312107107602 0.0
12 4.3047685623168945 2.149854900315404 0.06244198810887802 2.092470183968544
13 10.566686630249023 1.4988579405471683 2.2659012628978954 6.801926583983004
14 12.92339038848877 1.0209758635610342 7.250029728667869 4.652385502122343
15 17.017866134643555 0.7150533017702401 13.027888839773368 3.2749203154817224
16 20.532024383544922 0.552795494440943 17.433524989231955 2.545704451855272
17 21.859712600708008 0.5025460412725806 19.03226697241189 2.324901686049998
18 20.64056396484375 0.5449919602833688 17.56814398925053 2.527432064525783
19 17.63912582397461 0.6747718397527933 13.83402828726139 3.130322832148522
20 14.211408615112305 0.8916802760213614 9.187048630933987 4.132680275477469
21 11.662590026855469 1.1878556022420526 4.9784170176189 5.496319739148021
22 10.734757423400879 1.5376696707680821 2.096366913211126 7.1007207883521914
23 4.489464282989502 1.896461984142661 0.7468864577053487 1.8461154457181692
24 5.00602912902832 2.2556374426931143 0.5747180968822245 2.175674518570304
25 3.7118000984191895 2.567673731595278 1.1441252187796636 0.0
26 4.7137274742126465 2.8050603717565536 1.9086657960142475 0.0
27 5.326506614685059 2.9374114964157343 2.3890949566557538 0.0
28 5.29069709777832 2.953131280839443 2.3375656776770484 0.0
29 4.6658616065979 2.866774559020996 1.799087821971625 0.0
30 3.736475706100464 2.697134494781494 1.0393410567339743 0.0
31 2.8615777492523193 2.476343810558319 0.38523380941478536 0.0
32 12.369218826293945 2.239266872406006 0.08219263104071972 10.047760302200913
33 11.026548385620117 1.9534169137477875 0.31763866784781136 8.75549366697669
34 10.444823265075684 1.6682805269956589 1.2990704621417613 7.477471647784114
35 10.676644325256348 1.4220268726348877 2.8808910116667903 6.373727589845657
36 11.404767036437988 1.2378240376710892 4.618840401766647 5.548104168847203
37 12.133123397827148 1.1254136711359024 5.96344666974619 5.044264847412705
38 12.454675674438477 1.085548147559166 6.503545394400135 4.865581875666976
39 12.231929779052734 1.1141607016324997 6.123939965211321 4.993827430531383
40 11.622754096984863 1.204022467136383 5.0221281591802835 5.39660070091486
41 10.953150749206543 1.3438072502613068 3.5862082673120312 6.0231360681355
42 10.529594421386719 1.5162614434957504 2.2172313144546933 6.796100398525596
43 10.489457130432129 1.6978082805871964 1.181832301634131 7.609819257631898
44 10.755701065063477 1.8611300885677338 0.5527169079723535 8.341850932687521
45 11.109051704406738 1.9804971814155579 0.25168608786771074 8.876871295273304
46 11.322896003723145 2.0379724204540253 0.15043669034639606 9.134483527392149
47 11.283384323120117 2.027882695198059 0.16624008439976024 9.089259937405586
48 11.0319242477417 1.9577029347419739 0.2995159487181809 8.774704225361347
49 10.718399047851562 1.8452308177947998 0.6025794408924412 8.270588129758835
50 10.503494262695312 1.7134503275156021 1.1101160928956233 7.679929146543145
51 10.469879150390625 1.5850981324911118 1.7801432416308671 7.104636272415519
52 10.588959693908691 1.4786346852779388 2.482870911480859 6.62745189294219
53 10.75377368927002 1.4063154608011246 3.0441515549318865 6.303306797519326
54 10.850790977478027 1.3740669339895248 3.3179571240907535 6.158764293417335
55 10.824737548828125 1.3822540789842606 3.2470228982856497 6.195460246875882
56 10.7006254196167 1.4264781177043915 2.8804661810863763 6.393678706139326
57 10.55649185180664 1.4981240332126617 2.3435636813519523 6.71480593457818
58 10.469927787780762 1.584988296031952 1.7807964404346421 7.104143969714642
59 10.473003387451172 1.672560915350914 1.3037851205444895 7.496656959876418
60 10.540666580200195 1.7462312430143356 0.9675799566321075 7.826857892796397
61 10.61457633972168 1.794087290763855 0.7791366221499629 8.041355535387993
62 10.643099784851074 1.8094420731067657 0.72348178277025 8.110177863389254
63 10.611149787902832 1.7921536266803741 0.7863095833454281 8.032688576728106
64 10.543355941772461 1.7482765167951584 0.9590546746039763 7.8360251020640135
65 10.48255443572998 1.6882090121507645 1.2275507175945677 7.566793965175748
66 10.460531234741211 1.6240776628255844 1.557105643732939 7.279348095878959
67 10.480137825012207 1.5672070980072021 1.8884875334333628 7.024446099996567
68 10.518182754516602 1.5262872278690338 2.1508620207896456 6.841037396341562
69 10.544179916381836 1.5064049512147903 2.285855960799381 6.751922192052007
70 10.540757179260254 1.5088234394788742 2.269168673083186 6.762762201949954
71 10.512510299682617 1.5312181860208511 2.118151739705354 6.863138655200601
72 10.479443550109863 1.5682461112737656 1.882091568550095 7.029103105887771
73 10.461482048034668 1.6124171614646912 1.6219822160201147 7.2270840629935265
74 10.46557903289795 1.6553382873535156 1.390777064661961 7.41946268081665
75 10.483264923095703 1.6892216354608536 1.2227099781739525 7.57133268751204
76 10.498760223388672 1.708397537469864 1.1330826368066482 7.657281819730997
77 10.500615119934082 1.7104118317365646 1.1238946014782414 7.666310174390674
78 10.488581657409668 1.6963727921247482 1.1888270624331199 7.603385193273425
79 10.471919059753418 1.6704500317573547 1.314271848241333 7.487195678055286
80 10.461526870727539 1.6387251317501068 1.4778044528793544 7.345000144094229
81 10.462302207946777 1.607758030295372 1.6483424554462545 7.206201171502471
82 10.470751762390137 1.583267629146576 1.7910532437963411 7.096431694924831
83 10.478816986083984 1.5691818594932556 1.876339967129752 7.033297263085842
84 10.480185508728027 1.5671400278806686 1.8889005342498422 7.024145482107997
85 10.474360466003418 1.576446607708931 1.8320582661544904 7.065858902409673
86 10.466053009033203 1.594367891550064 1.7254980967845768 7.146184656769037
87 10.46094799041748 1.6167478263378143 1.597706295142416 7.246494721621275
88 10.46154499053955 1.638850823044777 1.4771332751843147 7.345563510432839
89 10.465909957885742 1.6563111692667007 1.3857760562677868 7.4238232765346766
90 10.46978759765625 1.6659968048334122 1.336557762697339 7.467235678806901
91 10.470070838928223 1.6666087806224823 1.3334808038780466 7.469978641718626
92 10.466817855834961 1.6588298976421356 1.3728770750458352 7.435112576931715
93 10.462702751159668 1.6450280547142029 1.4444230968365446 7.373250745236874
94 10.460577964782715 1.628597229719162 1.5323778876336291 7.299605440348387
95 10.461377143859863 1.613143876194954 1.6178931997274049 7.230341302230954
96 10.463730812072754 1.6017271429300308 1.6828351124422625 7.179169872775674
97 10.465381622314453 1.5962918549776077 1.7142850218806416 7.154808135703206
98 10.465018272399902 1.5974016934633255 1.7078337847488 7.159782590344548
99 10.463085174560547 1.6042361706495285 1.6684333013836294 7.190415693446994
99 10.461155891418457 1.6148759126663208 1.608172475534957 7.238104537129402
100 10.460532188415527 1.6267572343349457 1.542416684096679 7.291358318179846
