0 444.9346923828125 4.6314457431435585 419.54592879116535 20.757322937250137
1 55.64042663574219 0.028883585444418713 55.48208440840244 0.12945922691142187
2 102.85456085205078 10.306007139384747 92.54854942671955 0.0
3 100.72073364257812 10.185160726308823 90.53556852042675 0.0
4 22.964996337890625 5.063817452639341 17.901179783977568 0.0
5 10.68929672241211 1.831578366458416 0.648625296773389 8.209092566743493
6 21.44904136657715 0.5324114356189966 18.53123265504837 2.3853972712531686
7 37.694480895996094 0.1719457481522113 36.749759272672236 0.7727740770205855
8 42.11652374267578 0.12160533911082894 41.44930935651064 0.5456106268102303
9 34.95372009277344 0.21292808337602764 33.78678027540445 0.9540086311753839
10 23.000959396362305 0.4800214567221701 20.36957656312734 2.1513624391518533
11 13.568076133728027 0.9703002534806728 8.24864357500337 4.349132754839957
12 10.472235679626465 1.6742067774757743 1.2935010252986103 7.504527724348009
13 2.6439714431762695 2.468179877847433 0.17579159546949086 0.0
14 6.248016834259033 3.255839055404067 2.9921774457907304 0.0
15 10.638738632202148 3.843802310526371 6.7949372451985255 0.0
16 12.790669441223145 4.087567176669836 8.703102388652042 0.0
17 11.664180755615234 3.9629135578870773 7.701266553020105 0.0
18 8.360180854797363 3.5598843097686768 4.800295918248594 0.0
19 4.849114418029785 3.019087851047516 1.8300263959099539 0.0
20 2.6440837383270264 2.4687484968453646 0.17533531945809955 0.0
21 11.15499496459961 1.9934928715229034 0.22637568333448144 8.935127442702651
22 10.475714683532715 1.574129519984126 1.8461112111690454 7.055473791435361
23 11.350021362304688 1.2540467865765095 4.475135279586539 5.620839657261968
24 12.839820861816406 1.0430369963869452 7.121689012274146 4.6750945914536715
25 13.986023902893066 0.9335051393136382 8.86833218880929 4.184187567792833
26 14.227936744689941 0.9134619915857911 9.220094418851659 4.09437995031476
27 13.542366027832031 0.9726481176912785 8.210028937086463 4.359688330441713
28 12.333213806152344 1.1021760804578662 6.2907600704347715 4.940277772024274
29 11.174123764038086 1.290306281298399 4.10028790065553 5.783529287204146
30 10.527877807617188 1.5177880255505443 2.2069330033264123 6.803155769594014
31 10.553423881530762 1.7559782918542624 0.9266709048242774 7.870774755254388
32 11.072017669677734 1.9697484858334064 0.2733310822950443 8.828938391059637
33 11.697254180908203 2.124964537099004 0.047634589951485395 9.52465444803238
34 12.054810523986816 2.197725085541606 0.006290470311455465 9.850794617086649
35 11.969844818115234 2.181131485849619 0.012267118853287684 9.776447031646967
36 11.524076461791992 2.0864221546798944 0.08568004209155333 9.351974595338106
37 10.969515800476074 1.9382773619145155 0.34320811086217873 8.688030753284693
38 10.569192886352539 1.7669201996177435 0.882209012954263 7.920063406229019
39 10.462922096252441 1.6006053015589714 1.6876346064382233 7.174682397395372
40 10.62126350402832 1.460866667330265 2.6120022573741153 6.5483935391530395
41 10.892148971557617 1.3610676964744925 3.4299905095249414 6.101090284064412
42 11.09836196899414 1.3073199465870857 3.9308553400915116 5.860185995697975
43 11.128884315490723 1.3002481563016772 4.000184742617421 5.8284510392695665
44 10.981698036193848 1.3363427510485053 3.655189376673661 5.990166122093797
45 10.746273040771484 1.408480042591691 3.024396492226515 6.313397980295122
46 10.543818473815918 1.5059198988601565 2.287880885123741 6.75001756940037
47 10.460480690002441 1.614568019285798 1.6090097294945735 7.236902818083763
48 10.507769584655762 1.71826480794698 1.0878823600069154 7.701621761545539
49 10.627199172973633 1.8012364823371172 0.7524685000971658 8.073494523763657
50 10.731874465942383 1.8512274902313948 0.5830479623400606 8.297597747296095
51 10.757960319519043 1.862188570201397 0.5489645633206237 8.346807856112719
52 10.696228981018066 1.8354757465422153 0.6335695255547762 8.227183571085334
53 10.588318824768066 1.7790824007242918 0.8346821483137319 7.974554339423776
54 10.495088577270508 1.7053111344575882 1.1457719928002916 7.644005578011274
55 10.459296226501465 1.6277633905410767 1.535027277917834 7.296505574136972
56 10.48476791381836 1.5587151926010847 1.9389876409550197 6.987066495232284
57 10.54092788696289 1.5074020670726895 2.276445815397892 6.757079418748617
58 10.585795402526855 1.4793027667328715 2.4753617899259552 6.6311302073299885
59 10.59150505065918 1.4761254712939262 2.4984880632837303 6.616892391815782
60 10.557672500610352 1.496132168918848 2.3549729420337826 6.706567185930908
61 10.50704574584961 1.5345857897773385 2.0935335108079016 6.878926003351808
62 10.46865463256836 1.5843624398112297 1.7822504374780692 7.102042539045215
63 10.459891319274902 1.6368631972000003 1.4856522357149515 7.337375266477466
64 10.478057861328125 1.6833006888628006 1.249220485886326 7.545536529272795
65 10.505094528198242 1.7162235844880342 1.0957454797753599 7.693126323632896
66 10.52083969116211 1.730922763235867 1.0308811753347982 7.759036185219884
67 10.515586853027344 1.7262912848964334 1.0509925243386533 7.738304032944143
68 10.494322776794434 1.7048531481996179 1.1472299919114448 7.642239534296095
