0 106.9815673828125
1 2743.61181640625
2 105.61164855957031
3 168.64340209960938
4 282.9483642578125
5 334.328857421875
6 272.089111328125
7 208.92794799804688
8 133.6107635498047
9 65.07223510742188
10 22.159883499145508
11 87.73416900634766
12 83.77603912353516
13 106.6011962890625
14 139.86874389648438
15 166.34683227539062
16 174.92835998535156
17 163.7739715576172
18 139.10372924804688
19 111.25071716308594
20 90.11006927490234
21 81.55847930908203
22 85.76575469970703
23 11.743792533874512
24 17.066003799438477
25 24.470949172973633
26 30.297849655151367
27 32.10349655151367
28 29.43196678161621
29 23.695222854614258
30 17.327301025390625
31 12.656785011291504
32 91.47891235351562
33 84.03517150878906
34 81.4456558227539
35 83.62785339355469
36 88.36388397216797
37 92.6427230834961
38 94.18702697753906
39 92.41260528564453
40 88.44108581542969
41 84.29902648925781
42 81.79788208007812
43 81.68020629882812
44 83.40313720703125
45 85.59770202636719
46 86.88859558105469
47 86.60549926757812
