0 6.352021217346191
1 87.38919067382812
2 10.208534240722656
3 10.987232208251953
4 10.755508422851562
5 19.265682220458984
6 11.744406700134277
7 6.324035167694092
8 4.4300456047058105
9 10.47972583770752
10 10.804100036621094
11 11.19312858581543
12 10.607142448425293
13 10.08456039428711
14 10.724101066589355
15 10.579183578491211
16 10.035874366760254
17 10.389811515808105
18 10.465441703796387
19 9.969614028930664
20 9.932146072387695
21 10.151208877563477
22 9.635313987731934
23 9.50513744354248
24 9.527250289916992
25 9.049111366271973
26 8.740984916687012
27 8.669361114501953
28 7.979952812194824
29 7.791515827178955
30 7.0222063064575195
31 6.747506618499756
32 5.897500514984131
33 5.850812911987305
34 5.4913554191589355
35 5.351941108703613
36 5.3557844161987305
37 4.9610724449157715
38 4.926488399505615
39 5.139152526855469
40 2.920032262802124
41 4.989850997924805
42 6.857007026672363
43 4.574544906616211
44 4.892014980316162
45 6.047549247741699
46 3.8012757301330566
47 6.206641674041748
48 5.521320819854736
49 4.513744831085205
50 5.706841945648193
51 3.1884067058563232
52 4.7024312019348145
53 2.987802505493164
54 4.456690788269043
55 2.8258864879608154
56 3.7484731674194336
57 2.556328058242798
58 3.4809772968292236
59 2.5048375129699707
60 2.9999115467071533
61 2.2910783290863037
62 1.0906249284744263
63 2.214815855026245
64 2.581026554107666
65 1.946768879890442
66 1.074205994606018
67 0.7516852617263794
68 1.9462058544158936
69 2.067885637283325
70 0.449065238237381
71 0.7464110851287842
72 1.7064257860183716
73 2.1359901428222656
74 1.7064638137817383
75 0.459108829498291
76 1.673101544380188
77 1.9310917854309082
78 1.6712369918823242
79 0.26501578092575073
80 0.16850440204143524
81 1.7114300727844238
82 1.737322449684143
83 0.13517755270004272
84 0.22744594514369965
85 1.7363883256912231
86 1.974183201789856
87 0.09775508940219879
88 0.4869430363178253
89 1.7866027355194092
90 2.1805837154388428
91 0.11275757104158401
92 0.49913647770881653
93 1.915911078453064
94 2.151296854019165
95 0.16680632531642914
96 0.38315343856811523
97 1.9223005771636963
98 2.1085336208343506
99 0.137751966714859
100 0.4062594771385193
101 1.8920795917510986
102 2.182644844055176
103 0.10405457019805908
104 0.5503876805305481
105 1.8389326333999634
106 2.3051986694335938
107 0.09460684657096863
108 0.7479678392410278
109 1.8317795991897583
110 2.4556210041046143
111 0.09887449443340302
112 0.9246283173561096
113 1.8055498600006104
114 2.6446075439453125
115 0.09668755531311035
116 1.216241717338562
117 1.8113805055618286
118 2.9082112312316895
119 1.7767231464385986
120 0.6960221529006958
121 1.7838106155395508
122 2.5429255962371826
123 1.7800991535186768
124 0.4910587668418884
125 0.1523076593875885
126 1.8727259635925293
127 1.8310489654541016
128 0.15228718519210815
129 0.31984183192253113
130 1.7384212017059326
131 2.0416696071624756
132 1.7293179035186768
133 0.22289860248565674
134 0.13371703028678894
135 1.7218871116638184
136 1.7468843460083008
137 1.7245692014694214
138 0.1433507651090622
139 0.14932425320148468
140 0.14323937892913818
141 1.724553108215332
142 1.761552333831787
143 1.7113399505615234
144 0.13571800291538239
145 0.17439720034599304
146 1.7183594703674316
147 1.8534753322601318
148 1.7095106840133667
149 0.15442198514938354
150 0.14094218611717224
151 1.7093913555145264
152 1.7798658609390259
153 1.7130203247070312
154 0.13173720240592957
155 0.14081530272960663
156 1.7234212160110474
157 1.801518201828003
158 1.7050895690917969
159 0.14273107051849365
160 0.15321090817451477
161 1.7037947177886963
162 1.7970690727233887
163 1.7061553001403809
164 0.14206351339817047
165 0.1440051794052124
166 1.7064342498779297
167 1.772058129310608
168 1.6947555541992188
169 0.14662232995033264
170 0.1570890247821808
171 1.6974445581436157
172 1.7856639623641968
173 1.6958602666854858
174 0.15018783509731293
175 0.15186208486557007
176 1.6977325677871704
177 1.76628839969635
178 1.690177321434021
179 0.15106980502605438
180 0.15760616958141327
181 1.6948293447494507
182 1.7775835990905762
183 1.692312240600586
184 0.15179410576820374
185 0.15401552617549896
186 1.696239948272705
187 1.7697280645370483
188 1.6903891563415527
189 0.15142393112182617
190 0.1557168811559677
191 1.6951185464859009
192 1.7762229442596436
193 1.6930902004241943
194 0.15118619799613953
195 0.1537841260433197
196 1.6972928047180176
197 1.7757372856140137
198 1.6922671794891357
199 0.15121446549892426
200 0.15415890514850616
201 1.6962641477584839
202 1.7779639959335327
203 1.69468355178833
204 0.15103736519813538
205 0.15355044603347778
206 1.6987593173980713
207 1.7833064794540405
208 1.695538878440857
209 1.713592290878296
210 1.7467758655548096
211 1.6708390712738037
212 0.17828071117401123
213 0.1890876442193985
214 1.665789008140564
215 1.750205636024475
216 1.6982154846191406
217 1.6643216609954834
218 1.7179512977600098
219 1.6715840101242065
220 1.6531436443328857
221 1.689855933189392
222 1.6551803350448608
223 1.639435052871704
224 1.6655571460723877
225 1.6447283029556274
226 1.628204584121704
227 1.6468762159347534
228 1.639523983001709
229 1.6220802068710327
230 1.6317335367202759
231 1.6357831954956055
232 1.6225870847702026
233 1.6223467588424683
234 1.6308244466781616
235 1.6256614923477173
236 1.619192361831665
237 1.6249803304672241
238 1.6271742582321167
239 1.6204047203063965
240 1.6199016571044922
241 1.6244465112686157
242 1.622290015220642
243 1.617976188659668
244 1.6193499565124512
245 1.6213048696517944
246 1.6186912059783936
247 1.616176724433899
248 1.617497444152832
249 1.6183750629425049
250 1.616255521774292
251 1.614837646484375
252 1.615814208984375
253 1.6163170337677002
254 1.6150356531143188
255 1.6140481233596802
256 1.6145859956741333
257 1.6150500774383545
258 1.614268183708191
259 1.6134313344955444
260 1.6135584115982056
261 1.6138992309570312
262 1.6135146617889404
263 1.6128144264221191
264 1.612656831741333
265 1.612891435623169
266 1.6128199100494385
267 1.612374186515808
268 1.612052083015442
269 1.6120836734771729
270 1.6121408939361572
271 1.611911654472351
272 1.6115418672561646
273 1.611337661743164
274 1.6113240718841553
275 1.6112751960754395
276 1.6111265420913696
277 1.6108934879302979
278 1.6107583045959473
279 1.6107149124145508
280 1.6106793880462646
281 1.6105751991271973
282 1.6104308366775513
283 1.6103116273880005
284 1.610264778137207
285 1.6102309226989746
286 1.6101601123809814
287 1.610048532485962
288 1.6099185943603516
289 1.6097902059555054
290 1.6096771955490112
291 1.6096034049987793
292 1.609525203704834
293 1.609419345855713
294 1.6093032360076904
295 1.6092040538787842
296 1.609137773513794
297 1.6090811491012573
298 1.6090316772460938
299 1.6089783906936646
300 1.6089271306991577
301 1.608865737915039
302 1.6088032722473145
303 1.6087515354156494
304 1.6087313890457153
305 1.6087077856063843
306 1.6086827516555786
307 1.608659029006958
308 1.6086324453353882
309 1.608605980873108
310 1.6085784435272217
311 1.6085466146469116
312 1.6085211038589478
313 1.6084840297698975
314 1.608464241027832
315 1.6084378957748413
316 1.6083990335464478
317 1.6083744764328003
318 1.608323097229004
319 1.6082642078399658
320 1.608198881149292
321 1.608129620552063
322 1.6080552339553833
323 1.6079740524291992
324 1.6078921556472778
325 1.607813835144043
326 1.6077295541763306
327 1.60765540599823
328 1.607587456703186
329 1.6075732707977295
330 1.6075927019119263
331 1.6076996326446533
332 1.6079455614089966
333 1.6084941625595093
334 1.6095491647720337
335 1.6117085218429565
336 1.615715742111206
337 1.6240973472595215
338 1.6395440101623535
339 1.6744080781936646
340 0.40431201457977295
341 1.6162118911743164
342 1.8757745027542114
343 0.8700522780418396
344 2.2378506660461426
345 0.4323306679725647
346 0.2775091230869293
347 1.8115692138671875
348 0.24238897860050201
349 0.25598761439323425
350 1.8378629684448242
351 1.7422261238098145
352 1.7329041957855225
353 1.7919048070907593
354 0.17076419293880463
355 0.1681743860244751
356 1.7412599325180054
357 1.696202278137207
358 1.6950470209121704
359 1.7287675142288208
360 0.16490088403224945
361 0.15822835266590118
362 1.707016110420227
363 1.6948227882385254
364 1.712924599647522
365 1.7638314962387085
366 0.20948942005634308
367 1.6931880712509155
368 2.029846429824829
369 0.8145321607589722
370 2.2781565189361572
371 0.1946777105331421
372 0.36785635352134705
373 2.3844001293182373
374 0.2630132734775543
375 0.24281349778175354
376 2.150869846343994
377 0.128652423620224
378 0.5045627951622009
379 2.3683502674102783
380 1.831186056137085
381 0.22566215693950653
382 1.822072148323059
383 1.8684988021850586
384 0.20531032979488373
385 1.7670345306396484
386 2.3831076622009277
387 0.996620237827301
388 2.033010959625244
389 1.9290239810943604
390 0.4558872580528259
391 1.83528733253479
392 1.8297966718673706
393 0.6425076723098755
394 2.151214122772217
395 0.1343579888343811
396 1.0326679944992065
397 3.1316475868225098
398 0.11025825887918472
399 1.406507134437561
400 3.7905075550079346
401 1.8422183990478516
402 0.9467551112174988
403 2.3500897884368896
404 2.2905116081237793
405 0.6241552829742432
406 0.10812194645404816
407 2.157350540161133
408 1.9265775680541992
409 2.063476800918579
410 1.9866676330566406
411 1.792973518371582
412 0.17057481408119202
413 0.12193702161312103
414 1.7671645879745483
415 1.8040224313735962
416 0.12718725204467773
417 0.19598227739334106
418 1.7957673072814941
419 1.7750673294067383
420 0.15329012274742126
421 0.16003549098968506
422 1.7804664373397827
423 1.7842702865600586
424 0.1840016394853592
425 0.14590130746364594
426 1.7639093399047852
427 1.7683906555175781
428 0.12676770985126495
429 0.1635543406009674
430 1.7772703170776367
431 1.781030535697937
432 0.12256158143281937
433 0.10442497581243515
434 1.7641355991363525
435 1.7929573059082031
436 0.09130357205867767
437 0.14630559086799622
438 1.7955219745635986
439 1.8337081670761108
440 0.11953413486480713
441 0.12428973615169525
442 1.797778606414795
443 1.7717223167419434
444 0.10901470482349396
445 0.10912211984395981
446 1.7606415748596191
447 1.7720227241516113
448 0.12160130590200424
449 0.12667784094810486
450 1.7506797313690186
451 1.7378093004226685
452 0.11481097340583801
453 0.12449567019939423
454 1.73600172996521
455 1.74639892578125
456 0.11491484194993973
457 0.13646966218948364
458 1.7409565448760986
459 1.7405202388763428
460 0.12013351917266846
461 0.121894970536232
462 1.7304385900497437
463 1.7463219165802002
464 0.11710095405578613
465 0.13400818407535553
466 1.7388334274291992
467 1.7354826927185059
468 0.12080514430999756
469 0.12238200753927231
470 1.7237690687179565
471 1.7363572120666504
472 0.12054944783449173
473 0.13076093792915344
474 1.7281585931777954
475 1.7254514694213867
476 0.11856169253587723
477 0.1250610202550888
478 1.7206156253814697
479 1.7338380813598633
480 0.11990545690059662
481 0.12541009485721588
482 1.726090431213379
483 1.728131890296936
484 0.11496899276971817
485 0.12521779537200928
486 1.7251092195510864
487 1.733662486076355
488 0.11779800802469254
489 0.12166473269462585
490 1.7252001762390137
491 1.7302608489990234
492 0.11510113626718521
493 0.12446075677871704
494 1.7249681949615479
495 1.728253960609436
496 0.11676090955734253
497 0.121771439909935
498 1.7211887836456299
499 1.7280867099761963
500 0.11686670780181885
501 0.12330576032400131
502 1.7217828035354614
503 1.7246826887130737
504 0.11600663512945175
505 0.1234118640422821
506 1.720116138458252
507 1.7256313562393188
508 0.11729517579078674
509 0.12214423716068268
510 1.7194187641143799
511 1.724648118019104
512 0.11648653447628021
513 0.12325024604797363
514 1.7196602821350098
515 1.7229784727096558
516 0.11667729914188385
517 0.12283112108707428
518 1.7179081439971924
519 1.7225451469421387
520 0.11752915382385254
521 0.12257647514343262
522 1.7168667316436768
523 1.7210876941680908
524 0.11723574995994568
525 0.12315651029348373
526 1.716515302658081
527 1.719827651977539
528 0.11717375367879868
529 0.12280995398759842
530 1.7155249118804932
531 1.7195650339126587
532 0.11733593791723251
533 0.12233245372772217
534 1.714962363243103
535 1.7187936305999756
536 0.11702503263950348
537 0.12231190502643585
538 1.7145638465881348
539 1.717760443687439
540 0.11679618805646896
541 0.12231424450874329
542 1.7139017581939697
543 1.716811180114746
544 0.11684971302747726
545 0.12214663624763489
546 1.713053822517395
547 1.7160844802856445
548 0.11700088530778885
549 0.1220574826002121
550 1.7122857570648193
551 1.7151440382003784
552 0.11696777492761612
553 0.12215691804885864
554 1.7117794752120972
555 1.714213490486145
556 0.11691971123218536
557 0.12228943407535553
