0 51.77894592285156 7.150154810398817 44.62878690380603 0.0
1 33.50014114379883 0.23024224460823461 32.246164745651186 1.0237321007298306
2 17.69951057434082 0.6911423904821277 13.917584846261889 3.090782397426665
3 11.399065017700195 2.0562267806380987 0.11843053965776562 9.224407428875566
4 4.547031402587891 2.9576316326856613 1.5893993547651917 0.0
5 5.576615810394287 3.1505537293851376 2.426062435726635 0.0
6 3.663853645324707 2.777054028585553 0.8867990935104899 0.0
7 12.174552917480469 2.223728137090802 0.004190424246147018 9.946635449305177
8 10.506573677062988 1.622764210216701 1.645718112704344 7.238091917708516
9 11.984047889709473 1.1690696496516466 5.624499207595363 5.190479298122227
10 13.66168212890625 0.9741793219000101 8.377662159735337 4.309841010719538
11 12.970751762390137 1.0280131381005049 7.388593798270449 4.554144642315805
12 11.092889785766602 1.2699784692376852 4.171919649466872 5.6509917648509145
13 10.196907043457031 1.5950335571542382 1.461953936406644 7.139919999986887
14 10.507801055908203 1.853191252797842 0.3006187612081703 8.353991844691336
15 10.730555534362793 1.9255765620619059 0.10078883471214795 8.70419021975249
16 10.065053939819336 1.7746460912749171 0.24943469173740596 8.0409732228145
17 9.086782455444336 1.4369484935887158 1.113179671789112 6.536654960364103
18 9.312237739562988 1.0583048244006932 3.414171489479486 4.839761643204838
19 9.83775806427002 0.9372662766836584 4.602837654936593 4.297653933404945
20 9.038455963134766 1.1108169436920434 2.8315717736113584 5.096067202044651
21 8.93559741973877 1.3987579671666026 1.131652103144006 6.405187265947461
22 9.38096809387207 1.5835093231871724 0.5534088904734136 7.2440500147640705
23 9.26267147064209 1.5499482993036509 0.6071819419657817 7.105542432051152
24 8.733363151550293 1.3327351966872811 1.2570897472633078 6.143538145814091
25 8.679974555969238 1.0775173353031278 2.6019980333803687 5.000458582770079
26 8.871780395507812 0.9490119758993387 3.4995319323570584 4.423236044938676
27 8.44990348815918 0.9982323171570897 2.790094909742038 4.661576029844582
28 8.104546546936035 1.1532478500157595 1.56480433068009 5.386494446313009
29 8.141672134399414 1.2838979824446142 0.8563615132996196 6.001413483638316
30 8.035770416259766 1.2849947372451425 0.7157140260827458 6.035061389673501
31 7.637874603271484 1.1456698675174266 1.0601643965515564 5.43204077729024
32 7.379669666290283 0.9522010824875906 1.8618879957002719 4.565580660477281
33 7.373260021209717 0.8309532862040214 2.5264329073361296 4.01587362025748
34 7.090618133544922 0.8375474956119433 2.1612575358849426 4.091813434541109
35 6.803300380706787 0.933875888644252 1.2275625100563032 4.641862179443706
36 6.820944786071777 1.014744598127436 0.674646425753822 5.131553687795531
37 6.6272077560424805 0.9691023430932546 0.7060439867679472 4.952061578500434
38 6.531391620635986 0.8858737280925508 1.207391042596213 4.438126798022611
39 6.544417381286621 0.86657522799851 1.3506363083900266 4.327206064009731
40 6.3936896324157715 0.8727392815396282 0.8649771675482836 4.655973830426069
41 6.524347305297852 0.8968457321006245 0.6936034027418598 4.933898136039128
42 6.4209303855896 0.84093975427879 0.936381538937629 4.643610008080347
43 6.4698486328125 0.8164662307281105 1.2747240189641396 4.378657987992803
44 6.422317028045654 0.851219796668147 0.9686100673056779 4.602487479910337
45 6.4621171951293945 0.9091484661072258 0.526874870758288 5.026094050465963
46 6.466015338897705 0.9103556587430184 0.5174390353264877 5.038220914400822
47 6.426969528198242 0.8524426128804024 0.8999222126300117 4.674604787461991
48 6.458407878875732 0.8224377448446489 1.1063754896536118 4.529594360595773
49 6.432424545288086 0.8525082047508608 0.8178152850903497 4.762100802684592
50 6.432405948638916 0.8772704742926929 0.6705729762842426 4.884562554742487
51 6.438783168792725 0.8747353298713278 0.7670164437421017 4.797031366068666
52 6.423132419586182 0.8772536665383086 0.7266652680099384 4.819213498535703
53 6.4197869300842285 0.8849709784391964 0.6187279453115764 4.916086721982314
54 6.405409336090088 0.854057875755593 0.7875177529956545 4.763833834887242
55 6.430618762969971 0.8249032853452931 1.0214801418233037 4.5842358195455315
56 6.383347034454346 0.8485664520629257 0.81493328578199 4.719847354886937
57 6.409278869628906 0.890611458294642 0.5690364307838536 4.9496313082560714
58 6.378046035766602 0.874555187546745 0.6460316266117161 4.8574597034592335
59 6.393327713012695 0.8491509521772969 0.8389879168917105 4.705188664459456
60 6.362245082855225 0.8421492588060162 0.8071444782376602 4.712951374914107
61 6.380998611450195 0.8526167671235128 0.7476021872660112 4.780779529683709
62 6.352224349975586 0.8382651777485854 0.8199323460114556 4.694027029418411
63 6.363291263580322 0.8457488816929981 0.8022571423339286 4.715285180334233
64 6.351695537567139 0.8623730356118031 0.6592181353503861 4.8301045343368045
65 6.354128360748291 0.8584190338669746 0.6749340798825187 4.820775203258348
66 6.343871593475342 0.8283301542710135 0.861041302006015 4.654500575034879
67 6.346203804016113 0.821314116719293 0.9062507222242857 4.618639337137001
68 6.339797019958496 0.8419062561222872 0.7582067745950098 4.739683868055815
69 6.336709976196289 0.8516194663602747 0.700471325845001 4.784618847295926
70 6.333141326904297 0.8432262866026576 0.7701035284198952 4.7198117240751785
71 6.328092098236084 0.8394015147141545 0.787845999282581 4.700844383736666
72 6.32611608505249 0.8430429954147054 0.7493499155089012 4.733723494653015
73 6.321833610534668 0.8359561408588023 0.789787689748664 4.696090439863362
74 6.319378852844238 0.8271155770195548 0.8542004766659375 4.6380624078205805
75 6.31271505355835 0.8364759742625574 0.7911965984301332 4.685042957860382
76 6.312175750732422 0.8517949685997364 0.6925811412610301 4.767800155816829
77 6.306127071380615 0.8477118100178167 0.7168731875713092 4.741542136001273
78 6.305064678192139 0.834518633247626 0.8065614953791282 4.66398438536072
79 6.298659324645996 0.8319742178575398 0.8121130902459299 4.654572359421044
80 6.298105239868164 0.8384201090838934 0.7691475902395268 4.690537634427106
81 6.291157245635986 0.8365258143916763 0.7804330962116168 4.674198252091324
82 6.289196014404297 0.8345236552375468 0.8027305004013181 4.651942067820906
83 6.283318996429443 0.8395661705344772 0.7666600849680341 4.677092915601381
84 6.2808518409729 0.8430966710369991 0.7398868306817997 4.697867816941388
85 6.275448799133301 0.8351050255959809 0.787284093417755 4.653059321442755
86 6.273613929748535 0.8262327577603532 0.8456393818413511 4.601742203075437
87 6.268987655639648 0.8276786023291125 0.8319741755479823 4.609334478834196
88 6.26616907119751 0.8337258777336807 0.7922793096033087 4.64016334871946
89 6.261287212371826 0.8330041407811071 0.7981445936669337 4.630139070287809
90 6.258185863494873 0.8300964018982047 0.8200664419474112 4.60802367695701
91 6.253223896026611 0.8301573654552654 0.8147933019754559 4.608273188818766
92 6.249475479125977 0.8301265558316882 0.8107797576909828 4.608569545567214
93 6.243598461151123 0.8260879236892924 0.8360549309301654 4.5814550440107285
94 6.2337236404418945 0.8235862755122256 0.8603933708210953 4.5497444702684575
95 6.2184906005859375 0.8290608334594154 0.8418947907084144 4.547534763689352
96 6.208376884460449 0.8387572558772263 0.798583205770488 4.571036466711664
97 6.2020087242126465 0.8431368029174973 0.7772575079037483 4.5816138368075165
98 6.187357425689697 0.8357094049323592 0.8175073867039935 4.534140826473511
99 6.176021575927734 0.8235605027601204 0.8879224122357293 4.4645391328144175
99 6.1701154708862305 0.818051448758979 0.922715661954638 4.429347889388566
100 6.161351680755615 0.8213485112024439 0.9145706133317543 4.425431983678766
