0 102.14910125732422 0.4147782522968555 99.7715118934575 1.9628057481983774
1 222.01585388183594 8.90521801263094 176.06683074065376 37.04381160065532
2 40.23986053466797 2.651545145083219 25.50006653832938 12.0882467237534
3 26.44721031188965 0.30791449185646513 24.321427476821142 1.8178693438335374
4 60.96611785888672 0.0978703209443097 60.3660937428067 0.5021476226795016
5 58.786380767822266 0.06234743173043 58.351189083914505 0.37284571924528986
6 35.23387145996094 0.14239464758666998 34.20736385360075 0.8841158044348276
7 14.604243278503418 0.6135729441884905 13.377097737885698 0.6135729441884905
8 9.348299026489258 1.521856960374862 6.4494943251520915 1.376947941724211
9 13.870665550231934 2.5927526596933603 10.286256115080455 0.9916575849056244
10 17.590965270996094 3.402679171413183 14.188286130175076 0.0
11 16.278179168701172 3.6961220782250166 12.58205549808656 0.0
12 10.928510665893555 3.5158576536923647 7.412652865614655 0.0
13 6.068723678588867 3.067633382976055 3.0010900943153103 0.0
14 13.580090522766113 2.5592040810734034 1.9307095742812972 9.09017714112997
15 14.606206893920898 2.045336634851992 4.1656234046779534 8.395246463827789
16 16.51677703857422 1.6317311320453882 7.8568370854601275 7.028208326315507
17 17.71461296081543 1.3604288161732256 10.525878963388958 5.828304451657459
18 17.523292541503906 1.2303800913505256 11.020552704168892 5.272362049552612
19 16.094791412353516 1.2223374275490642 9.615432700533006 5.257022588513792
20 14.194074630737305 1.3130236775614321 7.206455367900794 5.674595861230046
21 12.562439918518066 1.47607490606606 4.6706312600362025 6.415734086651355
22 11.64697265625 1.6781525621190667 2.6318320000309767 7.33698789216578
23 11.303444862365723 1.876776241697371 1.3422922007496518 8.084377218969166
24 11.197208404541016 2.0309617184102535 0.7046756166516845 8.461571655236185
25 11.119038581848145 2.1107689114287496 0.45440356539317456 8.553865507245064
26 11.147297859191895 2.103922468610108 0.38488275065300304 8.658491219393909
27 11.172056198120117 2.0162013862282038 0.45020473731861377 8.705649815499783
28 10.94254207611084 1.868548103608191 0.7312071123705911 8.34278733190149
29 10.57548713684082 1.6930176159366965 1.3106715672278142 7.571797111071646
30 10.490978240966797 1.5242432812228799 2.138689966606762 6.828044971451163
31 10.6232328414917 1.3880253210663795 3.0066893494977194 6.22851871047169
32 10.775190353393555 1.299371251836419 3.634810155832099 5.841008658520877
33 10.758183479309082 1.2633831417188048 3.805534787435129 5.689265214838088
34 10.554475784301758 1.276609294116497 3.4982397724014085 5.779626411385834
35 10.34277629852295 1.3276482271030545 2.955438907003581 6.059689765796065
36 10.164140701293945 1.3978286050260067 2.3776252559736233 6.388686113059521
37 9.925835609436035 1.4679173463955522 1.7919444736991998 6.665973452851176
38 9.790006637573242 1.523485017940402 1.3680512358538977 6.898470144718885
39 9.722929954528809 1.5525059318169951 1.1295190154448873 7.040905809961259
40 9.6084566116333 1.545962301082909 1.0373190801408698 7.025176008231938
41 9.416458129882812 1.501265716738999 1.0755346060239455 6.839657940901816
42 9.172539710998535 1.423864969983697 1.2401516726030286 6.508523495867848
43 8.930388450622559 1.3260991405695677 1.51745175977646 6.086837785784155
44 8.732327461242676 1.2237434359267354 1.8635527683191908 5.6450313604436815
45 8.579693794250488 1.1318467389792204 2.19752517352119 5.250321966595948
46 8.431809425354004 1.0611208234913647 2.4193913376336287 4.9512973222881556
47 8.239737510681152 1.0159577587619424 2.4547934983427084 4.7689858274534345
48 7.9868669509887695 0.99451655568555 2.297178949255235 4.695171535247937
49 7.699575424194336 0.9892021911218762 2.0145017458607253 4.695871915668249
50 7.419827461242676 0.9882180118001997 1.713734187412409 4.717875618953258
51 7.169740676879883 0.9777787774801254 1.4892928448402225 4.70266848616302
52 6.942226886749268 0.9485555761493742 1.3921248072026662 4.601546511054039
53 6.725522994995117 0.8994117919355631 1.4354089686527316 4.3907024981454015
54 6.5143818855285645 0.830096757505089 1.615620126301301 4.0686648287810385
55 6.32615852355957 0.7423655767925084 1.9180121556327712 3.6657806227449328
56 6.18748664855957 0.6474880932364613 2.29949559999227 3.2405030145309865
57 6.098004341125488 0.5615798346698284 2.676209726703551 2.8602149470243603
58 6.021912574768066 0.49594751838594675 2.951199000122089 2.574765997705981
59 5.929401397705078 0.4539190577343106 3.075724156504334 2.399758094921708
60 5.831742763519287 0.43141391477547586 3.083292096767612 2.317036749678664
61 5.757099151611328 0.418692639330402 3.0563553678853945 2.282051311689429
62 5.708861827850342 0.40386047773063183 3.063741991169854 2.24125918536447
63 5.666416645050049 0.3788005036767572 3.1304916665794233 2.1571244206279516
64 5.624209880828857 0.34504077793098986 3.2500502152772657 2.0291191544383764
65 5.596900463104248 0.31088433088734746 3.3979964298418337 1.8880199134582654
66 5.588570594787598 0.28473855066113174 3.5334495393732483 1.7703826846554875
67 5.577725410461426 0.2706111390143633 3.6067464178601485 1.700368065503426
68 5.538262367248535 0.2674533003009856 3.587045533406359 1.6837634044932202
69 5.470440864562988 0.2729035036172718 3.4858545108891876 1.7116825499106199
70 5.39215087890625 0.28391192585695535 3.3420406815173687 1.7661986175226048
71 5.313976287841797 0.2965230636764318 3.1913908724690145 1.8260622394736856
72 5.238325595855713 0.3071058976929635 3.0576459253644295 1.8735736866947263
73 5.164788246154785 0.3141521888319403 2.9480552775405187 1.9025802533142269
74 5.09544563293457 0.3189107170328498 2.85610858376874 1.9204268152825534
75 5.032900333404541 0.3244842297863215 2.7653776892419986 1.9430384412407875
76 4.976668357849121 0.33381320047192276 2.6577855370114367 1.9850697100628167
77 4.92570161819458 0.34825846971943974 2.5242712134868057 2.0531717899721116
78 4.880326271057129 0.36680893460288644 2.3711509373577293 2.1423662188462913
79 4.841083526611328 0.38638419075869024 2.2169747739704864 2.2377244310919195
80 4.8050007820129395 0.40294084162451327 2.0822267199834803 2.3198327939026058
81 4.765974998474121 0.4129391082096845 1.9811990141206035 2.371836644830182
82 4.718818187713623 0.4145521323662251 1.9191429706432053 2.385122803039849
83 4.661970138549805 0.40815240354277194 1.8922773514321523 2.3615400567650795
84 4.59589147567749 0.3959575048647821 1.8882268627161296 2.3117070053704083
85 4.5222601890563965 0.3809631646145135 1.891298110426917 2.2499988423660398
86 4.443011283874512 0.36568941874429584 1.8887586810307662 2.1885632283519953
87 4.359742641448975 0.35138898179866374 1.8749093958620549 2.133444271516055
88 4.274719715118408 0.3378951894119382 1.8530841574806183 2.0837408036459237
89 4.190271377563477 0.3240196998231113 1.8328231299883722 2.033428689930588
90 4.107781410217285 0.3083757245913148 1.8241055939169684 1.9753002219367772
91 4.027964115142822 0.29027961078099906 1.8323051593247301 1.9053794145584106
92 3.9517698287963867 0.27027589664794505 1.8558400352634514 1.8256538677960634
93 3.880188226699829 0.24998299998696893 1.8866073153622371 1.7435978460125625
94 3.8129634857177734 0.2313570894766599 1.9128229263406922 1.668783592991531
95 3.748255968093872 0.21582794305868447 1.9238479883065143 1.6085802592569962
96 3.684166669845581 0.20376944006420672 1.9151969597088616 1.5652003574650735
97 3.6203219890594482 0.1944796280004084 1.8906154750746538 1.5352269818540663
98 3.5576560497283936 0.18657885456923395 1.8595827911666554 1.5114941819338128
99 3.497223377227783 0.1786556454608217 1.8320337351745126 1.486533951247111
99 3.439906597137451 0.16992209432646632 1.8137940335034026 1.4561906619928777
100 3.386867046356201 0.1605540607124567 1.8047693303384582 1.4215437733801082
