0 33.631072998046875 0.8960599949059542 29.014154328603514 3.720858661652244
1 352.0592346191406 20.118959099054337 331.94028735533357 0.0
2 40.024940490722656 5.349992226809263 34.67494818530395 0.0
3 29.589550018310547 0.24272921710415574 28.196556562907062 1.150264708067703
4 106.61326599121094 0.3814683696546126 104.58825282379985 1.6435385065415176
5 104.36198425292969 0.2941910602385178 102.78362935036421 1.2841641895356588
6 59.996185302734375 0.0034783907409465797 59.96182924415916 0.03087183273946606
7 24.0155029296875 0.3224423930514604 22.184999470598996 1.5080623055109754
8 10.708314895629883 1.2227972084656358 3.835420208724827 5.650098104495555
9 4.206855773925781 2.2597064105793834 1.063620696169084 0.8835289580747485
10 9.001551628112793 3.1665632724761963 5.716073180346301 0.11891512759029865
11 15.077560424804688 3.78437040746212 11.293189260890358 0.0
12 17.918928146362305 4.064140552654862 13.854788126860512 0.0
13 16.72467041015625 3.9972791895270348 12.72739248588914 0.0
14 12.875697135925293 3.6812594421207905 9.194438358099433 0.0
15 8.303364753723145 3.2340650986880064 5.069299008711823 0.0
16 4.616134166717529 2.7547008898109198 1.8614333020704397 0.0
17 3.168109655380249 2.3105008359998465 0.4156956915125968 0.44191308692097664
18 4.577293395996094 1.9374413453042507 0.7024107343867568 1.9374413453042507
19 10.928546905517578 1.6442137314006686 1.9179003829394787 7.3664334286004305
20 11.167960166931152 1.4083861196413636 3.462199969915673 6.297373224515468
21 11.693781852722168 1.2372517064213753 4.929301466676407 5.527228989638388
22 12.273079872131348 1.1299589099362493 6.106171853141859 5.036949007771909
23 12.66619873046875 1.0824439395219088 6.770779594196938 4.812975447624922
24 12.614821434020996 1.089863776229322 6.682320579391671 4.842636282555759
25 12.120585441589355 1.1466015046462417 5.862916837652847 5.111066962592304
26 11.414942741394043 1.244900370016694 4.601209817260635 5.568832850083709
27 10.758186340332031 1.3741354746744037 3.2435497465638257 6.140500062145293
28 10.369568824768066 1.5202056420966983 2.061928135271369 6.7874341532588005
29 4.545654296875 1.6661071525886655 1.2134394318495882 1.6661071525886655
30 4.296823501586914 1.8265207186341286 0.6437819668715385 1.8265207186341286
31 4.379676818847656 1.9831107798963785 0.41345525200798694 1.9831107798963785
32 4.6616692543029785 2.117269864305854 0.4271288759411094 2.117269864305854
33 3.6053385734558105 2.2135371137410402 0.5302489670501025 0.8615526892244816
34 3.522620677947998 2.2698292527347803 0.6072201668368256 0.645571319386363
35 3.46760630607605 2.2838340643793344 0.5973918894588275 0.5863804053515196
36 3.524625778198242 2.2576494067907333 0.49540611676067725 0.7715702336281538
37 3.53690505027771 2.1968892607837915 0.3491207643509795 0.9908949043601751
38 4.454678058624268 2.1108986604958773 0.23288072647192926 2.1108986604958773
39 4.226051330566406 2.006024233996868 0.21400275799471413 2.006024233996868
40 4.119999885559082 1.897003705613315 0.3259927768735305 1.897003705613315
41 4.139083385467529 1.7969359494745731 0.5452118866011388 1.7969359494745731
42 10.26130485534668 1.7159486981108785 0.801561526580203 7.743794769980013
43 10.11970043182373 1.6203224249184132 1.1820982538748908 7.317280154675245
44 10.056833267211914 1.5234730681404471 1.6473567963084008 6.886003925465047
45 10.060654640197754 1.4367159074172378 2.123443025321876 6.500496729277074
46 10.086568832397461 1.3682366320863366 2.520967191459931 6.197364740073681
47 10.084038734436035 1.3227766873314977 2.763306215978446 5.997956443578005
48 10.020323753356934 1.3017373783513904 2.8098289749787 5.908756914548576
49 9.896413803100586 1.303591575473547 2.6694545317549228 5.923366538248956
50 9.737985610961914 1.3242914099246264 2.390064643054565 6.023628866299987
51 9.584379196166992 1.3575868923217058 2.0446382291593466 6.182154604233801
52 9.468162536621094 1.395726083777845 1.7082206987036654 6.364216133952141
53 9.397756576538086 1.4302856791764498 1.4350856315068041 6.5323856035247445
54 9.3582181930542 1.4534216029569507 1.2544216296967476 6.650375389494002
55 9.32584285736084 1.4591899486258626 1.1750462151376213 6.6916060876101255
56 4.081637859344482 1.4447193434461951 1.1921991835511345 1.4447193434461951
57 4.032060623168945 1.4563420033082366 1.119376108877887 1.4563420033082366
58 3.9741129875183105 1.4880878003314137 0.9979375693442698 1.4880878003314137
59 3.936607837677002 1.5320119019597769 0.8725839925093682 1.5320119019597769
60 3.9316518306732178 1.5790480095893145 0.7735556952722723 1.5790480095893145
61 3.9487972259521484 1.6203752905130386 0.7080467684601666 1.6203752905130386
62 3.943741798400879 1.6484748208895326 0.6663441508243257 1.6289228396490216
63 3.913271903991699 1.6588014857843518 0.6350734932713362 1.6193967359140515
64 3.8722012042999268 1.6506180930882692 0.6102794820764997 1.6113037001341581
65 3.8518502712249756 1.6266589602455497 0.5985324848500866 1.6266589602455497
66 3.793668031692505 1.5920336553826928 0.6096009955973327 1.5920336553826928
67 9.445893287658691 1.553674653172493 0.646389130123177 7.2458290392532945
68 9.138632774353027 1.4629263044334948 0.8445984670943841 6.831109129358083
69 8.891551971435547 1.3444087160751224 1.2576349100230018 6.289508860558271
70 8.823555946350098 1.2242952440865338 1.857847741995804 5.7414126130752265
71 8.91280746459961 1.124206970911473 2.5023315077752786 5.2862695888616145
72 9.030340194702148 1.057677713688463 2.9856891140220148 4.98697406006977
73 9.043212890625 1.029938748339191 3.143466815268354 4.869806450325996
74 8.914548873901367 1.039662143215537 2.943361145316604 4.931526326807216
75 8.7146635055542 1.0802043252624571 2.4923931118742337 5.1420661471784115
76 8.557124137878418 1.14013317739591 1.9706514734097456 5.4463388519361615
77 8.509668350219727 1.2040087836794555 1.5360811066450941 5.769577109720558
78 8.550488471984863 1.2536218399181962 1.268070741210106 6.0287955407984555
79 8.591440200805664 1.2739335051737726 1.1671607267348376 6.1503456947393715
80 8.55581283569336 1.257868089247495 1.201449567931726 6.096495027188212
81 8.43885326385498 1.2082827100530267 1.3516233356659022 5.878946442622691
82 8.302764892578125 1.1370222931727767 1.6130317422742975 5.552710546646267
83 8.217355728149414 1.0603231664281338 1.961374243415799 5.19565841043368
84 8.199342727661133 0.9932904879096895 2.3238865124780883 4.882165301591158
85 8.204840660095215 0.9464732597116381 2.5935068198735065 4.66486093075946
86 8.175683975219727 0.9246262961532921 2.682584883019001 4.568472164217383
87 8.0936861038208 0.9270163597539067 2.5764196569765745 4.590250607812777
88 7.993447303771973 0.9480979242362082 2.3413884104034643 4.703961234306917
89 7.923203468322754 0.9785475432872772 2.0811111308577006 4.863544577965513
90 7.8976922035217285 1.0065622713882476 1.8803724528281938 5.0107576423324645
91 7.886700630187988 1.0207857994828373 1.7763893771214687 5.0895261040423065
92 7.850741386413574 1.0139900820795447 1.7720134586619625 5.064738394226879
93 7.781027317047119 0.9858760868664831 1.8600056333731203 4.935145537601784
94 7.70430850982666 0.94309814251028 2.027909593366612 4.73330074432306
95 7.6499457359313965 0.8961080242879689 2.2430147873632977 4.510823101038113
96 7.619175434112549 0.8552576256915927 2.4450029699443814 4.318914555711672
97 7.586690425872803 0.827277154661715 2.5677191737890306 4.191694103996269
98 7.533158302307129 0.8146339278900996 2.577185110275498 4.141338912770152
99 7.46580171585083 0.8150653744814917 2.493302001506572 4.157434220192954
99 7.407468318939209 0.8225675664143637 2.3745811583200465 4.2103196122916415
100 7.3690266609191895 0.8291737569961697 2.280072676234545 4.259780522552319
