0 87.61644744873047 0.08261203709878373 86.91176934971008 0.6220710913677152
1 30.5401611328125 3.314942231401801 20.366919013879002 6.8583024106919765
2 35.35995864868164 4.938334446400404 30.421625524846604 0.0
3 14.346294403076172 3.506846686825156 10.839447186735924 0.0
4 10.782224655151367 1.9411944057792425 1.3120649230760157 7.528965583071113
5 12.449705123901367 1.00472719874233 6.854781581496354 4.5901980781927705
6 17.7300968170166 0.6784870848059654 14.009516918333247 3.0420948760583997
7 17.193031311035156 0.7193978801369667 13.249185834545642 3.2244440698996186
8 12.818918228149414 1.04538294672966 7.087980010546744 4.685555707663298
9 10.463518142700195 1.6025341749191284 1.6781955311307684 7.1827871054410934
10 12.13007640838623 2.2121521830558777 0.002744967756598271 9.91518210619688
11 2.9722509384155273 2.5843719840049744 0.38787816687545273 0.0
12 3.6643199920654297 2.771977037191391 0.8923423034138978 0.0
13 3.4368131160736084 2.7156587839126587 0.7211552706139628 0.0
14 2.641082525253296 2.4675769209861755 0.17350582044673502 0.0
15 11.79680061340332 2.1458316147327423 0.03184267624601489 9.619125382974744
16 10.495072364807129 1.7033443301916122 1.1561571249039844 7.635568163357675
17 11.016721725463867 1.327823375351727 3.7372451465344056 5.951651161536574
18 12.223990440368652 1.1163270669057965 6.104988461593166 5.002675264142454
19 12.453084945678711 1.08736708201468 6.49421029118821 4.8715074779465795
20 11.503227233886719 1.2250370867550373 4.791570438304916 5.48662091512233
21 10.562467575073242 1.4910452319309115 2.39526088751154 6.676160451956093
22 10.627436637878418 1.8059953879565 0.737224539174349 8.084215499460697
23 11.360058784484863 2.0506028831005096 0.13269899931401596 9.176757523790002
24 11.6641263961792 2.1214476842433214 0.051515986090635124 9.491159351542592
25 11.159622192382812 1.9998311959207058 0.21567165388114518 8.944121742621064
26 10.540191650390625 1.7595623098313808 0.9142260304652154 7.866405690088868
27 10.518776893615723 1.510764411650598 2.256985231710132 6.751024751923978
28 10.950152397155762 1.3397439233958721 3.626351774088107 5.984054446220398
29 11.168511390686035 1.286721769720316 4.136732664541341 5.745054756291211
30 10.892841339111328 1.3538136035203934 3.4959234887501225 6.043107125908136
31 10.5029935836792 1.513936328701675 2.232168374583125 6.756888808682561
32 10.465928077697754 1.71065809763968 1.1211496541509405 7.6341215232387185
33 10.731164932250977 1.8668146841228008 0.5344598884257721 8.32989130076021
34 10.864341735839844 1.9171383995562792 0.39442983036860824 8.552771582268178
35 10.67685317993164 1.846632443368435 0.5944105964736082 8.235810219310224
36 10.43995475769043 1.6977086085826159 1.173277553258231 7.568968165665865
37 10.445624351501465 1.540502293035388 2.039550226472784 6.865571767091751
38 10.613475799560547 1.4351532198488712 2.784111428016331 6.394209924153984
39 10.662420272827148 1.4123948086053133 2.9581608641310595 6.291862125508487
40 10.520194053649902 1.4721239227801561 2.4900817220914178 6.5579903004691005
41 10.386096954345703 1.5872247917577624 1.7277042561909184 7.071168717928231
42 10.417088508605957 1.7093710592016578 1.0920348093786743 7.61568028666079
43 10.515281677246094 1.7851440403610468 0.7765740487957373 7.953562195412815
44 10.502829551696777 1.7823298778384924 0.7794690187438391 7.941029475070536
45 10.388422012329102 1.707727961242199 1.07155787377269 7.60913921892643
46 10.32493782043457 1.6010800851508975 1.5887927795702126 7.135066016577184
47 10.364134788513184 1.5103907957673073 2.120727085391991 6.733017675578594
48 10.398506164550781 1.4696125062182546 2.3751660736161284 6.553726837970316
49 10.343487739562988 1.4883228167891502 2.213965007744264 6.641198243945837
50 10.256072044372559 1.5522344904020429 1.77169817435788 6.932138312608004
51 10.227861404418945 1.6286513153463602 1.3177853824163321 7.281424513086677
52 10.24128532409668 1.6790395379066467 1.0453920176369138 7.516854386776686
53 10.212066650390625 1.6777526391670108 1.011949606006965 7.5223651779815555
54 10.127721786499023 1.6253816187381744 1.2012381661625113 7.30110181402415
55 10.054088592529297 1.5468749357387424 1.5419079480925575 6.965305857360363
56 10.01834774017334 1.475933383218944 1.8786660564946942 6.663748849183321
57 9.97255802154541 1.4375260788947344 2.027350107789971 6.5076811565086246
58 9.879704475402832 1.4381069289520383 1.9125895074685104 6.5290101217105985
59 9.768326759338379 1.4662493923678994 1.6280163128394634 6.674061037134379
60 9.677013397216797 1.4974478594958782 1.3474652680451982 6.8320982391014695
61 9.591992378234863 1.5060404567047954 1.1983320983999874 6.887620845809579
62 9.479043006896973 1.4785321755334735 1.2219929257844342 6.778516615740955
63 9.345980644226074 1.420558727812022 1.3959023699135287 6.52951731113717
64 9.226129531860352 1.3521587261930108 1.6428197257919237 6.2311522946693
65 9.125395774841309 1.2956591350957751 1.8431934592372272 5.986544691491872
66 9.021140098571777 1.2644110615365207 1.9000472873449326 5.856683132704347
67 8.910460472106934 1.258204620797187 1.811406565248035 5.840847747400403
68 8.817512512207031 1.265065518207848 1.6680685851461021 5.884378978749737
69 8.752769470214844 1.268106356728822 1.5750066110049374 5.909656404517591
70 8.700597763061523 1.2546087843365967 1.588296001595154 5.857693474972621
71 8.650606155395508 1.2230563156772405 1.7068001652660314 5.720749225933105
72 8.610358238220215 1.183208903297782 1.8838720862695482 5.543278117198497
73 8.58163833618164 1.1493513525929302 2.040951057053462 5.391335411928594
74 8.548200607299805 1.1320645831292495 2.1015665869490476 5.314570539048873
75 8.498888969421387 1.1333150728605688 2.0426013121468714 5.322971133515239
76 8.440686225891113 1.1464022030122578 1.9082177897871588 5.386067644809373
77 8.381332397460938 1.1597954761236906 1.7709552575470298 5.450581771670841
78 8.31799030303955 1.1633590443525463 1.6851397308855667 5.469492540927604
79 8.250375747680664 1.15410438622348 1.66732327984937 5.428948149085045
80 8.186269760131836 1.1376635630149394 1.6933894629619317 5.355214851908386
81 8.130948066711426 1.1238771569915116 1.712875036377227 5.294196100439876
82 8.080638885498047 1.1204248375725 1.678452094871318 5.281763626728207
83 8.03290843963623 1.1286076307296753 1.5802305816032458 5.324070070870221
84 7.991781234741211 1.1428978759795427 1.453436098759994 5.395447978051379
85 7.957976818084717 1.1542033357545733 1.3501413766207406 5.45363195403479
86 7.925797939300537 1.1552050278987736 1.3060098680580268 5.464582677697763
87 7.8961992263793945 1.144599276361987 1.3294267920427956 5.422173721482977
88 7.869271755218506 1.1278341368306428 1.3897882054880029 5.3516499127727
89 7.840620040893555 1.1132893592584878 1.4353377478691982 5.291994583327323
90 7.804040431976318 1.1063908396754414 1.429140871434356 5.268509801942855
91 7.759112358093262 1.1064180524554104 1.3749221542529995 5.277770836604759
92 7.710362911224365 1.107516644988209 1.310680950715323 5.2921663511078805
93 7.659702777862549 1.1028068994637579 1.277875081228558 5.279020230285823
94 7.60739803314209 1.0891393995843828 1.2952811159047997 5.222976803546771
95 7.5572309494018555 1.0691934259375557 1.35186949330091 5.136167681426741
96 7.5132856369018555 1.0495124995941296 1.414407692849636 5.049365419195965
97 7.475244045257568 1.036107366788201 1.4477277926634997 4.9914083377225325
98 7.441378116607666 1.0309121639002115 1.4382940077630337 4.972171880654059
99 7.412263870239258 1.0312323807738721 1.4015437081470736 4.979488262557425
100 7.386106014251709 1.0321109612705186 1.3638660481083207 4.990128457429819
101 7.358126163482666 1.0299069775501266 1.341169080522377 4.987049611983821
102 7.326570987701416 1.024077121866867 1.334573220796301 4.96791891369503
103 7.292794227600098 1.0171637928579003 1.3305033271608409 4.945126003702171
104 7.2588090896606445 1.0127223734743893 1.3102832683653105 4.9358039806829765
105 7.226279258728027 1.0126883684424683 1.2645329203514848 4.94905986438971
106 7.197038650512695 1.0159954007249326 1.201775760651799 4.979268757044338
107 7.171588897705078 1.0192330175777897 1.1430222484923434 5.00933263450861
108 7.147861003875732 1.0189566789194942 1.1069383320573252 5.021965957945213
109 7.123170375823975 1.014049244695343 1.0979198378627189 5.011201247922145
110 7.096164703369141 1.00637187063694 1.1041651362611447 4.9856261756503955
111 7.066527843475342 0.9991993107832968 1.106419180840021 4.960910763184074
112 7.035002708435059 0.9947809985606 1.092196779558435 4.948026445345022
113 7.003754138946533 0.9929749459261075 1.0642317183373962 4.946549070707988
114 6.9748077392578125 0.9917725977138616 1.035891652078135 4.947145455516875
115 6.9481892585754395 0.9891459913924336 1.018422647845 4.940620123234112
116 6.922440528869629 0.9846304974635132 1.0120730739436112 4.925737303914502
117 6.896113872528076 0.9794802368851379 1.0067425132147036 4.909890298673417
118 6.86860466003418 0.9754375985939987 0.9905403835291509 4.902625664282823
119 6.840839385986328 0.9732348907855339 0.959933083911892 4.907672255387297
120 6.814827919006348 0.9719871917623095 0.9231833118537907 4.919658008264378
121 6.791635513305664 0.9699145418126136 0.8937474651029333 4.927972828387283
122 6.770415782928467 0.9658826877712272 0.8794626226881519 4.925071100820787
123 6.749638557434082 0.9605122739449143 0.8764938280801289 4.912632690073224
124 6.728439807891846 0.9557833218423184 0.872663698886754 4.899993831466418
125 6.707180976867676 0.9534241305082105 0.8575633648433723 4.8961924593604635
126 6.687201499938965 0.9535105596296489 0.830935688369209 4.902754492839449
127 6.669444561004639 0.9544506737438496 0.8017207148659509 4.913271235200227
128 6.653271675109863 0.9542629651259631 0.7795110477600247 4.919499683805043
129 6.637436866760254 0.9520134880876867 0.7671548353682738 4.918269259898807
130 6.62172269821167 0.948259361757664 0.7602430521219503 4.913220511087275
131 6.607105255126953 0.94430068777001 0.7523657714191359 4.91043863609957
132 6.594566345214844 0.9410636761167552 0.7408987699309364 4.912602559532388
133 6.58396053314209 0.9386056964722229 0.7282697830232792 4.9170843176107155
134 6.574240207672119 0.9366222664393717 0.7178204583469778 4.919797492824728
135 6.564909934997559 0.935240628059546 0.7091711458633654 4.920498424151447
136 6.5565972328186035 0.9350365900936595 0.6981397569761612 4.923420903920487
137 6.549890995025635 0.9361790460570774 0.6813880949048325 4.932323536653712
138 6.544468879699707 0.9377465769775881 0.661279737832956 4.945440909137687
139 6.539571285247803 0.9381738059710187 0.6451737385650631 4.956225544199697
140 6.5349884033203125 0.9364483761455631 0.6395511268347036 4.958988132556442
141 6.531221866607666 0.9330131934229939 0.6440104296780191 4.954199735367183
142 6.5286431312561035 0.9295387139218292 0.6507694598985836 4.948334546395472
143 6.526800632476807 0.9277115192239762 0.6507738304208033 4.948314314643994
144 6.525173664093018 0.9280978515223524 0.6410569451691117 4.956018924761736
145 6.523882865905762 0.9299382753422094 0.6263258483959362 4.967620256360448
146 6.523257255554199 0.9318934897393214 0.6136067649640609 4.977756352799335
147 6.52315616607666 0.93294303626206 0.6063931972166756 4.98382004132495
148 6.5231242179870605 0.9327654059014603 0.6038075810938608 4.986551795278699
149 6.523029327392578 0.9315809392077394 0.6038753999891924 4.987572663076275
150 6.523149490356445 0.9298683571127073 0.6058309613144957 4.987449510808003
151 6.523563385009766 0.9282277309724036 0.6090348902944243 4.986301146305793
152 6.523997783660889 0.9273353371048039 0.6110835460131057 4.985578894199122
153 6.5243024826049805 0.9277018004111497 0.6086623794399202 4.987938073029356
154 6.52461576461792 0.929228171533282 0.6008684051776072 4.994520239105659
155 6.525045871734619 0.9310307251279255 0.591293932084227 5.00272047499692
156 6.5254411697387695 0.9319615002818864 0.5856581830594223 5.007822532333876
157 6.52564811706543 0.9314508261661558 0.5870897661225172 5.007107320372484
158 6.525748252868652 0.9299310833598611 0.5935235866054427 5.002294005954013
159 6.525875091552734 0.9284489029021188 0.5996624700346729 4.997762171764293
160 6.525965690612793 0.9278543791556331 0.6014889597718138 4.996622230062059
161 6.525930404663086 0.9282870254244244 0.5990224328852491 4.99862116276303
162 6.525815010070801 0.9292846365167406 0.5951281157322228 5.001403931490614
163 6.525713920593262 0.9302535377744334 0.5923045122035546 5.003157053050728
164 6.525607109069824 0.9308041881693043 0.5911921270453604 5.003611829604154
165 6.5254225730896 0.9307788160907648 0.591679170873249 5.0029640189640325
166 6.525179386138916 0.9302208468241133 0.593899881831021 5.001057943337082
167 6.5249505043029785 0.9293810275312353 0.5977041139267385 4.997865448421965
168 6.524738311767578 0.9286910780641904 0.6016422178945504 4.994405644328124
169 6.524502754211426 0.9285782574390851 0.6034134899673518 4.992512015740084
170 6.5242533683776855 0.9291444390032098 0.6019793962041149 4.993127981519767
171 6.5240302085876465 0.9300322260704093 0.5988627385231666 4.995135691463944
172 6.523841381072998 0.9306579059901026 0.5970223394979257 4.996162390678795
173 6.523655414581299 0.930664513626283 0.5982144379668171 4.994777262443702
174 6.523470878601074 0.9301667745043005 0.6016360288485885 4.991666838016477
175 6.523309707641602 0.9295809553135346 0.6050801803648937 4.988648267033282
176 6.523183345794678 0.9292658669078122 0.6070370453817304 4.986879963671892
177 6.523068904876709 0.9293154742233241 0.6075631882995367 4.986189000370182
178 6.522960186004639 0.9296282505880723 0.6074157105467748 4.985914684865556
179 6.522871971130371 0.9300405078854417 0.6071151424839627 4.985718272430174
180 6.522815704345703 0.9304046631653102 0.6067866396333557 4.985623510853603
181 6.522766590118408 0.9305702214172835 0.6068524076254107 4.985344117387068
182 6.5227227210998535 0.9304486893842695 0.6079267078748671 4.984347744185377
183 6.5226922035217285 0.9301059789807353 0.6100730718462728 4.982513269333738
184 6.522676944732666 0.9297660483736554 0.6123854645265965 4.980526099532794
185 6.522669315338135 0.9296695732071986 0.6136018247634638 4.979396767084442
186 6.522658824920654 0.9298933659805835 0.61321745729947 4.979548806486285
187 6.52265739440918 0.9302742502156551 0.6120568186743185 4.980326403024678
188 6.522665023803711 0.9305567339484613 0.6114199839357752 4.9806872897163625
189 6.5226731300354 0.9306008690981034 0.6118736639618874 4.980197506216147
190 6.522676944732666 0.9304512130578696 0.6129965757136233 4.979229169531536
191 6.522683620452881 0.9302446490007639 0.6140853421238717 4.978352623278517
192 6.522693157196045 0.9300996173847942 0.614774898334872 4.977817659842322
193 6.522702693939209 0.9300597080333013 0.6151359021605458 4.977505164713413
194 6.522706031799316 0.9301336511334295 0.615181243076222 4.977389741010588
195 6.522707462310791 0.9302990109311868 0.6148293363512494 4.977581245143351
196 6.522714614868164 0.9304831414846622 0.614204672514461 4.978026210423779
197 6.5227155685424805 0.930578796649487 0.6137812901288271 4.978357078242337
198 6.52271842956543 0.9305148937387018 0.6140244010894094 4.9781788157248075
199 6.522716999053955 0.9303339497749752 0.6148283295333385 4.977554712484689
200 6.522716522216797 0.930167329009393 0.6155557158635929 4.976993771585902
201 6.522716045379639 0.9301278967265798 0.6156342493195552 4.976953329444845
202 6.522709846496582 0.9302180092837542 0.6150990416645072 4.977393968812091
203 6.522706985473633 0.9303545391920096 0.6144119943783153 4.977940602776433
204 6.522705554962158 0.9304403569044386 0.614018293825211 4.9782448473217125
205 6.52269983291626 0.9304459664760527 0.6139247006794903 4.978328709345493
206 6.522693157196045 0.9303846773877049 0.6139935923856683 4.978316033670296
207 6.5226898193359375 0.9302890297491044 0.6141343674389645 4.978265717029738
208 6.522684574127197 0.9302029054209143 0.6142651713453233 4.978216976241392
209 6.522681713104248 0.9301641407909137 0.614284070150461 4.978232673648459
210 6.52267599105835 0.930192266648417 0.6140619831858203 4.978422252335742
211 6.522673606872559 0.9302735996561998 0.6135699523729272 4.978828774200278
212 6.522670745849609 0.9303507872074588 0.613043572549941 4.979275140407349
213 6.522665977478027 0.9303627598578079 0.6128005682548974 4.9795027744330165
214 6.522663116455078 0.9303010817117707 0.6129072688345332 4.979455871926767
215 6.522663116455078 0.9302093854661289 0.6131517089379486 4.979301255067069
216 6.522661209106445 0.9301504143912274 0.6132266842178069 4.979282642893214
217 6.522658824920654 0.9301496965039746 0.6130471327342093 4.979461997634794
218 6.522658348083496 0.9301923460237909 0.6127164159552194 4.979748764398559
219 6.522655487060547 0.930240760657334 0.6124121187895071 4.980003086502327
220 6.522655487060547 0.93026876205366 0.6121994046552572 4.980187112063175
221 6.522655487060547 0.9302633583201967 0.6120989297050983 4.980293784497693
222 6.522653102874756 0.9302255673789928 0.6121141953044571 4.980314936905145
223 6.522656440734863 0.9301735785380694 0.612212533276761 4.980269379305456
224 6.522655487060547 0.9301385236287829 0.6122714476368856 4.980245659514393
225 6.522656440734863 0.930138160499332 0.6122091026627459 4.980308258874153
226 6.5226545333862305 0.9301748878322644 0.6119834325218108 4.9804970386782035
227 6.522656440734863 0.930218220570574 0.6117339616466779 4.980702886157866
228 6.522656440734863 0.9302328543081269 0.6116339651634917 4.9807891574681245
229 6.522656440734863 0.9302123823992342 0.6116945175745059 4.980749212118512
230 6.5226569175720215 0.9301775531631019 0.6117996549874078 4.98067895522938
231 6.5226545333862305 0.9301536526746681 0.6118410603958182 4.980661178144271
232 6.522657871246338 0.9301429415330522 0.6118637072358979 4.980650114334733
233 6.52265739440918 0.930151055245221 0.6118388622417115 4.980666729966075
234 6.522658348083496 0.9301731586874986 0.6117621841840446 4.9807210333623715
235 6.522658824920654 0.9302016830853871 0.611630689134472 4.9808246356239625
236 6.522657871246338 0.930213244354035 0.6115662010561209 4.980877689628288
237 6.522655963897705 0.9301985810259981 0.611634801782202 4.980822763815282
238 6.522655010223389 0.9301683642242006 0.6117937378148781 4.980694651432374
239 6.522655963897705 0.9301490987432126 0.6118949072842952 4.980611693282995
240 6.522656440734863 0.9301518641796601 0.6118903300084639 4.98061384185455
241 6.52265739440918 0.9301718741207134 0.6118149237299804 4.980669703310403
242 6.522655963897705 0.9301939909784226 0.6117480308748782 4.980714256093427
243 6.5226569175720215 0.930202338310965 0.6117599288991187 4.980693747308761
244 6.522656440734863 0.9301995929298374 0.6118069702351931 4.980649907792301
245 6.522656440734863 0.930191598420488 0.6118518792791292 4.9806128481929495
246 6.522655010223389 0.930179015257329 0.6119215912767686 4.980554891765192
247 6.522655963897705 0.9301677106306736 0.6120071955956519 4.980480056062068
248 6.522654056549072 0.9301722790416405 0.6120211438683327 4.980461593894315
249 6.522656440734863 0.9301898934147874 0.6119701394345611 4.980495654074495
250 6.522655487060547 0.9302008343606993 0.6119605663407128 4.980494265330307
251 6.522655010223389 0.9302061269937729 0.6119634624337777 4.980485598122685
252 6.5226545333862305 0.9302044120772068 0.6119861040788237 4.98046466768608
253 6.522655487060547 0.9301956021610631 0.6120430906885304 4.980417197718694
254 6.522655963897705 0.9301831559181477 0.6121284574619494 4.980343313675244
255 6.522653579711914 0.9301790653096518 0.612175045942422 4.980301448658158
256 6.522655963897705 0.9301869795514586 0.6121542049513664 4.980314034805762
257 6.522656440734863 0.9302025122039095 0.6120909272867721 4.980361942877385
258 6.522656440734863 0.9302095008154527 0.612081705708988 4.98036452974956
259 6.522654056549072 0.9302053261310941 0.612128826265689 4.980320800646944
260 6.5226545333862305 0.9301989509818158 0.6121698798961006 4.980286285627637
261 6.5226545333862305 0.9301945518091506 0.6121869075286668 4.98027382249772
262 6.522653579711914 0.9301902643262361 0.6122112641169224 4.980254039621038
263 6.5226569175720215 0.9301918268071336 0.6122141183004715 4.9802499030836795
264 6.522655487060547 0.9301974624185361 0.6122016229783185 4.9802563850436234
265 6.5226545333862305 0.9302036186207889 0.6121823500434402 4.980268621027526
266 6.522655487060547 0.9302082034875694 0.6121611576527357 4.980285374190547
267 6.522655487060547 0.9302066293313338 0.6121668019914068 4.980281499298023
268 6.522654056549072 0.9301989028180762 0.6122054944280535 4.980250726915654
269 6.522655487060547 0.9301926350824425 0.6122350893565454 4.980226890248017
270 6.522655010223389 0.9301908591549513 0.6122432815027423 4.980221598680279
271 6.5226545333862305 0.9301962833547295 0.6122106014518067 4.980247699571215
272 6.522653579711914 0.9302019223569618 0.6121840529958718 4.980269058576003
273 6.5226545333862305 0.9302039152152233 0.6121791043551639 4.980272059488023
274 6.5226545333862305 0.930204233485389 0.6121749517915305 4.980275923687352
275 6.522655487060547 0.9302027745020744 0.6121720095106866 4.980280256628215
276 6.5226569175720215 0.9301988120643054 0.6121845713932998 4.980272400154581
277 6.522656440734863 0.9301942254170212 0.6122028176614549 4.980257793237547
278 6.5226545333862305 0.9301920423696997 0.6122132042364683 4.9802496320350516
279 6.522656440734863 0.9301960108025984 0.6121872703952249 4.980272042822064
280 6.522655487060547 0.9301996681013751 0.6121642270009033 4.980291033422164
281 6.522655010223389 0.9302016543024845 0.6121503316680901 4.980302932259704
282 6.522656440734863 0.9302018667069003 0.6121448592166416 4.980308973633579
283 6.522653102874756 0.9301988430098804 0.6121552353433799 4.9803012797516795
284 6.522654056549072 0.9301957155410783 0.6121645927778445 4.980295009146837
285 6.522655487060547 0.9301955067543268 0.612157963856589 4.980302344709617
286 6.522654056549072 0.9301966576051219 0.6121455661777873 4.980312816279262
287 6.522655487060547 0.9301986459962635 0.612133596703643 4.9803228319696125
288 6.5226545333862305 0.9301979231458608 0.6121399336261675 4.980316905654118
289 6.522654056549072 0.9301963644525095 0.6121473849925678 4.980311650199015
290 6.5226545333862305 0.9301980319707663 0.6121266243280843 4.980330295365198
291 6.5226569175720215 0.9302003247197965 0.6121039632998873 4.9803507054286715
292 6.5226569175720215 0.9301966806981405 0.6121274158358574 4.980331336696768
293 6.5226545333862305 0.9301935589173111 0.6121490706864279 4.980312743910275
294 6.5226545333862305 0.9301946026632675 0.6121387761086226 4.980321456528105
295 6.522655487060547 0.9301985615916664 0.6121081265446264 4.98034864156992
296 6.522656440734863 0.9302008570958198 0.6120922804402653 4.980362254851707
297 6.522654056549072 0.9301966915562283 0.6121214091253933 4.980336503927906
298 6.5226569175720215 0.9301939820617124 0.6121400564734358 4.980321180746718
299 6.522655010223389 0.9301953333245638 0.6121250071155373 4.980334761136922
300 6.522655010223389 0.9301975198452013 0.6121062936726958 4.980351607941397
301 6.522653579711914 0.9301977327818465 0.6121059932920616 4.980351210727571
302 6.5226569175720215 0.9301966945613849 0.6121190311969258 4.980339759090502
303 6.522653579711914 0.9301962795008558 0.6121247195114847 4.9803342421989605
304 6.522655963897705 0.9301972156323335 0.6121166341181379 4.980341531871412
305 6.522655487060547 0.9301985664762897 0.6121033792442176 4.98035336557032
306 6.522653579711914 0.9301977334037801 0.6121084431360941 4.9803487600847305
307 6.522655487060547 0.9301955448527903 0.6121269037830643 4.980332531277513
308 6.522655963897705 0.9301942930928475 0.6121376650698949 4.980323227191438
309 6.522653579711914 0.930196063910222 0.6121244285313878 4.98033397675572
310 6.522654056549072 0.9301982495088068 0.6121100197779015 4.980346596184448
311 6.522655963897705 0.9301988743392626 0.6121101364551578 4.980346769643054
312 6.522654056549072 0.9301979366700523 0.6121206518728286 4.980336187843458
313 6.5226545333862305 0.9301979371758424 0.6121240509964991 4.9803336294692535
314 6.522653579711914 0.9301982444837087 0.6121199139743112 4.980336664362191
315 6.5226545333862305 0.930195322338002 0.6121381118427962 4.980321661760543
316 6.522654056549072 0.9301939650460236 0.6121455302927643 4.980315225515152
317 6.5226569175720215 0.9301950060537174 0.6121403872966766 4.980319661412597
318 6.522654056549072 0.9301966748904897 0.6121330355817918 4.980324942759596
319 6.5226545333862305 0.9301957380689849 0.6121448106423486 4.980314784937621
320 6.522655963897705 0.9301969898575662 0.6121380079421215 4.980320068372203
321 6.522654056549072 0.9301963618098581 0.612140661367448 4.980317515683728
322 6.522656440734863 0.9301943789862008 0.612153049238259 4.9803075298869235
323 6.5226545333862305 0.9301953136910122 0.6121458276757039 4.980313973701165
324 6.522656440734863 0.9301939583425254 0.6121568992384709 4.9803047708255495
325 6.522654056549072 0.9301972960254683 0.6121369689353742 4.980320438378613
326 6.5226545333862305 0.9301983403178724 0.6121341413236223 4.980322543535607
327 6.522654056549072 0.9301972988474922 0.612142830301309 4.980315026457458
328 6.522655010223389 0.9301953125781712 0.6121533932746388 4.9803063461088914
329 6.5226545333862305 0.9301946837371138 0.6121525203343481 4.980307802224651
330 6.5226569175720215 0.9301949955302158 0.6121477099368349 4.980312322451227
331 6.5226545333862305 0.9301946859008519 0.612151723500574 4.980308611699888
332 6.522655963897705 0.9301955252352516 0.6121489476936404 4.980310949768255
333 6.522655010223389 0.9301952151192721 0.6121504048933275 4.980309732490937
334 6.5226569175720215 0.9301939643161532 0.6121548133960459 4.980306873347199
335 6.522653579711914 0.9301982374003339 0.612122035206994 4.980334584871829
336 6.522654056549072 0.9301977186837815 0.6121265345718712 4.980330680371529
337 6.5226545333862305 0.9301936565742923 0.6121566063375212 4.980304876753058
338 6.522654056549072 0.9301963666395912 0.6121371226327028 4.980321077096914
339 6.522654056549072 0.9301973034822684 0.612127431173576 4.980330382969275
340 6.5226569175720215 0.9301950094649585 0.6121400306292344 4.980319953456567
341 6.5226569175720215 0.930194592922367 0.6121431668580044 4.980317896395315
342 6.522654056549072 0.9301962613403925 0.6121320870879572 4.980326870553206
343 6.522656440734863 0.9301949074326421 0.6121419945557136 4.9803179796104295
344 6.522654056549072 0.9301957417472884 0.6121370929758996 4.980322473527336
345 6.522655963897705 0.9301942812975712 0.6121458105917554 4.980315500874723
346 6.522653579711914 0.9301956360152226 0.6121345759893302 4.980324944550608
347 6.522654056549072 0.9301939681061717 0.6121459698188119 4.980314760952933
348 6.522654056549072 0.9301973049971215 0.6121256506012287 4.9803317611415245
349 6.5226545333862305 0.9301969945955029 0.612131381931249 4.980327150520171
350 6.522656440734863 0.9301943883630908 0.6121487109630834 4.9803118528778665
351 6.522654056549072 0.9301973052298558 0.6121261897787917 4.980331204989618
352 6.522654056549072 0.9301973028184909 0.6121259333449416 4.980332312728203
353 6.5226569175720215 0.9301933423311248 0.6121521206805483 4.9803091795280725
354 6.5226545333862305 0.9301953230292028 0.6121395615919027 4.98032019180339
355 6.5226545333862305 0.9301952184757618 0.6121403003635351 4.980319786935667
356 6.522654056549072 0.9301930283643522 0.6121535905986093 4.980308382216769
357 6.522654056549072 0.9301963635379238 0.6121304853004403 4.980328119707251
358 6.5226569175720215 0.9301965733541331 0.6121317888319027 4.980326952338544
359 6.522655010223389 0.9301938661192777 0.6121524902700912 4.980309120733553
360 6.522654056549072 0.9301973058090249 0.6121287069108803 4.980328743958383
361 6.5226545333862305 0.9301979304014094 0.6121237281768117 4.980333085417001
362 6.522655487060547 0.9301955323589821 0.6121396223898046 4.980319841335498
363 6.522655010223389 0.9301915686400934 0.612165021506371 4.980298751172592
364 6.5226569175720215 0.930196048950843 0.6121322974213399 4.980326589523128
365 6.522655010223389 0.9301969880702909 0.6121277384809218 4.980330370440395
366 6.52265739440918 0.930194593643801 0.6121491884405259 4.9803119122652
367 6.522654056549072 0.9301939693049492 0.612153433234198 4.980307322055465
368 6.522653579711914 0.9301960518572328 0.6121356827788986 4.980322791421424
369 6.522654056549072 0.9301957370435554 0.6121347542793956 4.980324814739242
370 6.522655963897705 0.9301927153354108 0.6121544320776593 4.9803078459375865
371 6.5226545333862305 0.9301955314533439 0.6121370789478533 4.980322389727568
372 6.522654056549072 0.9301957417200986 0.6121379354735836 4.980321236517183
373 6.522656440734863 0.9301943874878944 0.612147655832814 4.9803128606209945
374 6.522655963897705 0.9301927173329858 0.6121561833133455 4.98030644444311
375 6.522655010223389 0.9301975107131848 0.6121210860728752 4.9803368207429575
376 6.522655487060547 0.9301975115813397 0.6121241068758536 4.980333823230446
377 6.5226569175720215 0.9301939711922569 0.6121525236230809 4.98030872678712
378 6.522654056549072 0.9301957423177005 0.6121396357193589 4.980319151510628
379 6.522655963897705 0.9301965728062687 0.6121307386201806 4.980327951461195
380 6.522654056549072 0.9301945900237727 0.612141760851955 4.980318884075496
381 6.5226545333862305 0.9301909427522879 0.6121661243669223 4.980297760453679
382 6.522653579711914 0.930196051765459 0.612133700895356 4.9803247150899175
383 6.522654056549072 0.9301983460294845 0.612122564954916 4.9803340997565435
384 6.522654056549072 0.9301962637201671 0.6121401911077555 4.9803187359324355
385 6.522656440734863 0.9301938638692007 0.6121541610918939 4.980307429471399
386 6.522655963897705 0.9301927116770741 0.6121545143250842 4.980307711712779
387 6.522654056549072 0.9301979233024449 0.6121184007206466 4.980339356385724
388 6.522654056549072 0.9301966766281695 0.6121328926237766 4.980325080554762
389 6.522656440734863 0.9301939715258358 0.6121592299605254 4.980302002820427
390 6.522655963897705 0.9301942810522932 0.612152915855404 4.980307612524321
391 6.522654056549072 0.9301962547805749 0.6121311185124796 4.980327870708072
392 6.52265739440918 0.9301945856798075 0.6121408821782097 4.980320273127711
393 6.5226545333862305 0.9301909400167143 0.6121695124893449 4.980294819846531
394 6.522654056549072 0.9301966772176882 0.612136164214462 4.9803222479514595
395 6.522655010223389 0.9301997017038262 0.6121184567455202 4.9803372306457785
396 6.522654056549072 0.930198243302065 0.6121288287104107 4.980327805203274
397 6.522655010223389 0.9301952177490134 0.6121464771276806 4.9803136732636215
398 6.5226545333862305 0.930192085951731 0.6121608288958669 4.980302411824093
399 6.522656440734863 0.9301942725356032 0.6121417297690641 4.980318768858044
