0 44.861610412597656 6.74142849445343 38.12017754651606 0.0
1 2.6210663318634033 2.4594657123088837 0.16160237802978372 0.0
2 24.02740478515625 0.44806088507175446 21.571069629862905 2.008272895589471
3 25.705142974853516 0.4007181115448475 23.508351668715477 1.7960758213885128
4 14.5418119430542 0.888845756649971 9.66903292806819 3.9839336592704058
5 10.497153282165527 1.7066151201725006 1.141248443746008 7.649292770773172
6 2.651362419128418 2.4716993868350983 0.17966372819500975 0.0
7 4.980363845825195 3.043491303920746 1.9368712982395664 0.0
8 6.245222091674805 3.2565738260746 2.9886487656040117 0.0
9 5.38886833190918 3.115951031446457 2.27291691233404 0.0
10 3.532294273376465 2.73979651927948 0.7925002292904537 0.0
11 2.282080888748169 2.277242124080658 0.004838674657321462 0.0
12 10.744060516357422 1.8562636971473694 0.567754842195427 8.320039071142673
13 10.614500045776367 1.4650632590055466 2.5828142324462533 6.566622821614146
14 11.740111351013184 1.1857944130897522 5.239416711265221 5.314899958670139
15 12.766470909118652 1.051163598895073 7.003842086996883 4.7114654164761305
16 12.700834274291992 1.0585146099328995 6.897905117366463 4.744413698092103
17 11.706847190856934 1.1910996288061142 5.177068382035941 5.338678693398833
18 10.714277267456055 1.4210882037878036 2.923666888382286 6.369520341977477
19 10.491132736206055 1.6995581537485123 1.1739100277191028 7.617662439122796
20 11.0215425491333 1.9545302987098694 0.30652625231596176 8.760484017431736
21 11.635407447814941 2.111511319875717 0.05980144591376302 9.464095380157232
22 11.707540512084961 2.1272011399269104 0.04592033886183344 9.534419395029545
23 11.211910247802734 2.009060502052307 0.19794787534920033 9.00489617884159
24 10.638204574584961 1.8068898618221283 0.7325736053462606 8.098738487809896
25 10.468841552734375 1.5873783081769943 1.7666087322868407 7.114856345579028
26 10.746498107910156 1.4089535176753998 3.022411890560761 6.315130945295095
27 11.098430633544922 1.3078308552503586 3.928714443463832 5.861884726211429
28 11.14620590209961 1.2968109101057053 4.036902575753629 5.812491757795215
29 10.863572120666504 1.370157152414322 3.3521776320412755 6.14124009385705
30 10.544017791748047 1.506522923707962 2.285041260183789 6.7524509616196156
31 10.471434593200684 1.6694781929254532 1.3191171080688946 7.482839757576585
32 10.64902400970459 1.8124841153621674 0.7127280942222569 8.123812731355429
33 10.83704662322998 1.8927878141403198 0.4605130160052795 8.483745381236076
34 10.826048851013184 1.888706237077713 0.4718913426040672 8.465451169759035
35 10.641207695007324 1.8084599077701569 0.7269721533521079 8.105775658041239
36 10.480118751525879 1.684607982635498 1.2448598694754764 7.550653636455536
37 10.486154556274414 1.558971345424652 1.9396517594577745 6.987532280385494
38 10.609807014465332 1.4674624502658844 2.564969926024787 6.577376339584589
39 10.688775062561035 1.4312899559736252 2.842239770689048 6.415246052667499
40 10.63515853881836 1.4549338966608047 2.659004253218882 6.52122157253325
41 10.516775131225586 1.5274907350540161 2.142851448734291 6.846431687474251
42 10.460522651672363 1.6252483129501343 1.5506784469471313 7.284595116972923
43 10.506844520568848 1.7168634980916977 1.0947522570495494 7.695227464661002
44 10.578939437866211 1.7728428542613983 0.8599630394019186 7.946134936064482
45 10.585015296936035 1.7766617834568024 0.845103845349513 7.963251922279596
46 10.522271156311035 1.731225997209549 1.0314427249250002 7.7596022374928
47 10.465971946716309 1.6564758718013763 1.384931562060956 7.424561496824026
48 10.472395896911621 1.5800364762544632 1.8104085989762098 7.081949206069112
49 10.517813682556152 1.5266032814979553 2.1487571549369022 6.842453993856907
50 10.538150787353516 1.5106953531503677 2.2563033894402906 6.771152386441827
51 10.5094633102417 1.5339779704809189 2.099976005265489 6.875508403405547
52 10.469457626342773 1.5860042572021484 1.7747565603349358 7.1086976528167725
53 10.463299751281738 1.6475668102502823 1.431104334187694 7.384629810228944
54 10.488879203796387 1.6967420428991318 1.1870932808960788 7.605040227994323
55 10.506779670715332 1.7167963236570358 1.0950535832671449 7.6949263792485
56 10.493754386901855 1.70270836353302 1.1592644228949212 7.631782129406929
57 10.4683198928833 1.662610650062561 1.3536468529491685 7.45205844938755
58 10.46133041381836 1.6134854853153229 1.6159730541403405 7.231872443109751
59 10.475956916809082 1.5737352222204208 1.8485117255477235 7.053706085309386
60 10.48814868927002 1.5564666986465454 1.955371885560453 6.9763060957193375
61 10.481168746948242 1.5657123625278473 1.8977126566460356 7.017746482044458
62 10.465486526489258 1.5959925949573517 1.7160255840281025 7.153466809540987
63 10.46100902557373 1.6346753686666489 1.4994859683793038 7.326848527416587
64 10.470096588134766 1.6666640639305115 1.3332046481082216 7.470226429402828
65 10.477339744567871 1.680212751030922 1.2661764648510143 7.5309535805135965
66 10.472487449645996 1.6715651899576187 1.3087270554387942 7.492193976417184
67 10.462939262390137 1.6460542380809784 1.4390312787145376 7.377850245684385
68 10.461114883422852 1.6151687055826187 1.6065326979150996 7.239416876807809
69 10.467185020446777 1.5913472324609756 1.7431940516689792 7.132645631209016
70 10.470846176147461 1.5830778926610947 1.7921862221555784 7.095581268891692
71 10.466870307922363 1.5921553075313568 1.7384494736324996 7.13626753911376
72 10.461319923400879 1.613578736782074 1.615449508826714 7.232290409505367
73 10.461403846740723 1.637866571545601 1.4823862962657586 7.341151954606175
74 10.46545696258545 1.6549762338399887 1.3926418352639303 7.417839905247092
75 10.466692924499512 1.6584908962249756 1.3746086991159245 7.43359312415123
76 10.4634428024292 1.6481291353702545 1.4281633985228837 7.387150231748819
77 10.460613250732422 1.6294421255588531 1.5277811474516056 7.303392384201288
78 10.461713790893555 1.6109405755996704 1.6303086001425982 7.220465794205666
79 10.464149475097656 1.6002413779497147 1.6913974823546596 7.172510461881757
80 10.463916778564453 1.6010545641183853 1.686707046465017 7.176155278459191
81 10.461543083190918 1.6120320558547974 1.6241516004083678 7.225357964634895
82 10.460552215576172 1.6276821345090866 1.537366362172179 7.295503852888942
83 10.461888313293457 1.6409402191638947 1.4660222176462412 7.354928482323885
84 10.46298599243164 1.646281212568283 1.437840459693689 7.378867577761412
85 10.462099075317383 1.6420666426420212 1.4600523011176847 7.359977273270488
86 10.460698127746582 1.6310060173273087 1.5192929533077404 7.310401970520616
87 10.460783958435059 1.6185722798109055 1.5875416464405134 7.25467218272388
88 10.46181583404541 1.6103453934192657 1.6336715774377808 7.217798102647066
89 10.461963653564453 1.609549105167389 1.6381795532652177 7.21422902494669
90 10.461037635803223 1.6158671528100967 1.6026239842176437 7.242547417059541
91 10.460521697998047 1.6258621662855148 1.547314134077169 7.2873464953154325
92 10.461015701293945 1.6347250193357468 1.4992191616329364 7.327071068808436
93 10.461496353149414 1.6385242342948914 1.4788762002717704 7.344099693000317
94 10.46115779876709 1.6359699368476868 1.4925356372259557 7.33265096694231
95 10.460588455200195 1.6288141906261444 1.5311970340553671 7.300577890127897
96 10.460638999938965 1.6207753717899323 1.5753202125779353 7.2645467557013035
97 10.461060523986816 1.6156539469957352 1.6038169607054442 7.241591798141599
98 10.461075782775879 1.6155461966991425 1.6044203322962858 7.241108845919371
99 10.460684776306152 1.6200556457042694 1.5793072115047835 7.26132084056735
100 10.46053409576416 1.626658245921135 1.5429579000920057 7.290914637967944
101 10.460769653320312 1.6320471167564392 1.5136575468932278 7.315068326890469
102 10.460917472839355 1.633762463927269 1.5043999589397572 7.3227567579597235
103 10.460722923278809 1.6313101798295975 1.517644340347033 7.31176527030766
104 10.460526466369629 1.6262523829936981 1.5451772144297138 7.289095502346754
105 10.460619926452637 1.6212671846151352 1.5725996467517689 7.266751131042838
106 10.460770606994629 1.618762955069542 1.5864817137480713 7.255526816472411
107 10.46070671081543 1.6197261363267899 1.5811353051685728 7.259843932464719
108 10.460543632507324 1.623370036482811 1.5609983305330388 7.276176413521171
109 10.460548400878906 1.627666175365448 1.5374518389580771 7.295432321727276
110 10.460663795471191 1.63043013215065 1.5224142943043262 7.307820770889521
111 10.460663795471191 1.6304232478141785 1.522451382188592 7.3077899143099785
112 10.460556983947754 1.6279018074274063 1.5361674269661307 7.296488458290696
113 10.460525512695312 1.6243670135736465 1.555515487852972 7.280645007267594
114 10.46059799194336 1.6216839998960495 1.5702955747838132 7.268619356676936
115 10.460623741149902 1.6211336702108383 1.5733384250779636 7.266152700409293
116 10.460556983947754 1.6228029131889343 1.5641222399426624 7.273634485900402
117 10.460524559020996 1.6256369650363922 1.5485477942274883 7.286337111145258
118 10.460561752319336 1.6280787140130997 1.535203039238695 7.297281378880143
119 10.460590362548828 1.6288995146751404 1.530731534876395 7.300960324704647
120 10.460558891296387 1.6278234720230103 1.5365941944764927 7.296137347817421
121 10.46052074432373 1.6255906522274017 1.5488018616451882 7.286129530519247
122 10.460545539855957 1.6234664171934128 1.5604688265011646 7.276608405634761
123 10.460564613342285 1.6225594580173492 1.5654636707040481 7.2725432850420475
124 10.460542678833008 1.6232299506664276 1.5617688544443808 7.275548528879881
125 10.460519790649414 1.6249824315309525 1.552136586396955 7.2834033984690905
126 10.460536003112793 1.6267893612384796 1.5422418265370652 7.291502315551043
127 10.460551261901855 1.6276758760213852 1.5373990323860198 7.295475801452994
128 10.460541725158691 1.627256453037262 1.539689748606179 7.293595887720585
129 10.460524559020996 1.6258783340454102 1.5472253697225824 7.287418961524963
130 10.460526466369629 1.6243658661842346 1.5555217547807842 7.280639864504337
131 10.460537910461426 1.6235539317131042 1.5599855539039709 7.277000658214092
132 10.460535049438477 1.6238181442022324 1.5585316266515292 7.278184896335006
133 10.460518836975098 1.6249227672815323 1.5524649323197082 7.283135974779725
134 10.460526466369629 1.6261818706989288 1.5455640174332075 7.288779456168413
135 10.460531234741211 1.6268832385540009 1.5417279384564608 7.291923087090254
136 10.460535049438477 1.6266940236091614 1.5427619815454818 7.291074998676777
137 10.46052360534668 1.625796765089035 1.5476723763276823 7.287053357809782
138 10.460524559020996 1.6247641146183014 1.5533348024473526 7.282424870878458
139 10.460529327392578 1.6241867691278458 1.5565057651838288 7.279837125912309
140 10.460531234741211 1.6243439614772797 1.5556427784031257 7.280541684478521
141 10.460521697998047 1.625081941485405 1.5515906445216388 7.283849416300654
142 10.460518836975098 1.6259204745292664 1.5469948289683089 7.287607841193676
143 10.460527420043945 1.62637859582901 1.5444863113225438 7.289661206305027
144 10.460522651672363 1.6262329816818237 1.5452846768312156 7.289008542895317
145 10.46052360534668 1.6256224662065506 1.5486273122951388 7.286272125318646
146 10.460518836975098 1.6249369531869888 1.5523861334077083 7.283199558034539
147 10.460521697998047 1.6245764642953873 1.5543648388120346 7.281583795323968
148 10.460521697998047 1.6247203052043915 1.5535751031711698 7.282228510826826
149 10.460519790649414 1.625238299369812 1.5507338219322264 7.284550234675407
150 10.460526466369629 1.6257931143045425 1.5476926154224202 7.287036994472146
151 10.46052074432373 1.6260623335838318 1.546217113500461 7.2882436737418175
152 10.460521697998047 1.625911608338356 1.5470422932412475 7.287568101659417
153 10.460518836975098 1.6254680901765823 1.549473450286314 7.28558018989861
154 10.460522651672363 1.625018835067749 1.5519369693356566 7.283566564321518
155 10.460524559020996 1.6248323321342468 1.552961046982091 7.282730631530285
156 10.460525512695312 1.6250000596046448 1.5520390894380398 7.283482410013676
157 10.460519790649414 1.6253918409347534 1.5498919988749549 7.285238429903984
158 10.460522651672363 1.6257407516241074 1.5479792503174394 7.286802297458053
159 10.460522651672363 1.6258428692817688 1.5474200554308482 7.287260003387928
160 10.460521697998047 1.6256628334522247 1.5484060178278014 7.286453057080507
161 10.460518836975098 1.625331550836563 1.5502223995281383 7.284968201071024
162 10.460521697998047 1.6250671297311783 1.5516709844814613 7.2837830279022455
163 10.460524559020996 1.62503020465374 1.5518753274227493 7.283617524430156
164 10.460522651672363 1.6252150386571884 1.550860085117165 7.2844459768384695
165 10.460521697998047 1.6254953145980835 1.5493245850666426 7.285702213644981
166 10.460521697998047 1.6256847381591797 1.5482861243071966 7.286551237106323
167 10.460521697998047 1.625671073794365 1.548361635650508 7.286489991471171
168 10.460521697998047 1.6254831105470657 1.549390850123018 7.285647513344884
169 10.46052074432373 1.6252577006816864 1.550626256794203 7.284637194126844
170 10.460524559020996 1.6251371204853058 1.5512889073579572 7.284096736460924
171 10.460518836975098 1.6251911520957947 1.5509910741820931 7.284338913857937
172 10.460524559020996 1.6253671199083328 1.550026789191179 7.285127626731992
173 10.460519790649414 1.625534012913704 1.5491119204671122 7.285875665023923
174 10.46052074432373 1.625588670372963 1.5488127517164685 7.28612064756453
175 10.46052074432373 1.6255081444978714 1.5492536968667991 7.285759719088674
176 10.46052360534668 1.6253668069839478 1.5500291521311738 7.285126224160194
177 10.460515975952148 1.625261664390564 1.550604373915121 7.284654960036278
178 10.46052074432373 1.625251442193985 1.5506612899480388 7.284609142690897
179 10.460524559020996 1.6253287345170975 1.550237193587236 7.284955577924848
180 10.46052360534668 1.6254379451274872 1.5496394725050777 7.28544507548213
181 10.460521697998047 1.6255129426717758 1.549227190844249 7.285781225189567
182 10.460517883300781 1.6254947930574417 1.5493262288509868 7.285699876025319
183 10.460518836975098 1.6254117637872696 1.5497820707969368 7.285327726975083
184 10.460522651672363 1.6253270655870438 1.5502473645028658 7.284948097541928
185 10.460524559020996 1.625290036201477 1.5504485226119868 7.284782126545906
186 10.460522651672363 1.6253304034471512 1.5502286664559506 7.284963058307767
187 10.460522651672363 1.625406339764595 1.5498116589151323 7.285303415730596
188 10.460521697998047 1.6254661083221436 1.5494843403575942 7.285571306943893
189 10.460522651672363 1.6254674643278122 1.5494766351184808 7.285577384755015
190 10.460522651672363 1.6254145801067352 1.549767276737839 7.28534035012126
191 10.46052074432373 1.625354915857315 1.5500938761397265 7.285072926431894
192 10.460524559020996 1.6253287345170975 1.5502380154794082 7.284955577924848
193 10.460519790649414 1.625345841050148 1.550144525244832 7.2850322518497705
194 10.460518836975098 1.6253964304924011 1.5498670339002274 7.285259000957012
195 10.460519790649414 1.6254350244998932 1.5496550884563476 7.285431984812021
196 10.460524559020996 1.6254473328590393 1.5495872823521495 7.285487152636051
197 10.46052360534668 1.6254173964262009 1.5497501197387464 7.285352973267436
198 10.460516929626465 1.6253781765699387 1.5499659691704437 7.285177184268832
199 10.46052360534668 1.6253486573696136 1.5501289092935622 7.285044874995947
200 10.460522651672363 1.625357210636139 1.5500806231284514 7.285083211958408
201 10.460524559020996 1.6253936141729355 1.5498826498514973 7.285246377810836
202 10.460522651672363 1.6254205256700516 1.549733784631826 7.28536699898541
203 10.460519790649414 1.6254316866397858 1.5496721427189186 7.285417024046183
204 10.460521697998047 1.625419169664383 1.5497423117631115 7.285360921174288
205 10.460522651672363 1.6253941357135773 1.5498779239715077 7.285248715430498
206 10.46052074432373 1.625366598367691 1.5500298712868243 7.2851252891123295
207 10.46052074432373 1.625366285443306 1.5500315150711685 7.285123886540532
208 10.460522651672363 1.6253906935453415 1.549896622018423 7.285233287140727
209 10.460518836975098 1.625408113002777 1.5498023098916747 7.285311363637447
210 10.460526466369629 1.6254140585660934 1.5497703588334844 7.285338012501597
211 10.46052360534668 1.62540665268898 1.549809398711659 7.285304818302393
212 10.460522651672363 1.6253906935453415 1.549897443910595 7.285233287140727
213 10.46052074432373 1.6253713965415955 1.5500041871564463 7.2851467952132225
214 10.460518836975098 1.6253625303506851 1.5500517541659065 7.285107055678964
215 10.460522651672363 1.6253813058137894 1.5499488121713512 7.285191209986806
216 10.460522651672363 1.6254038363695145 1.5498257338185795 7.285292195156217
217 10.460518836975098 1.6254145801067352 1.5497664548456669 7.28534035012126
218 10.460518836975098 1.6254117637872696 1.5497820707969368 7.285327726975083
219 10.460522651672363 1.62539841234684 1.549855321936775 7.285267883911729
220 10.460524559020996 1.6253788024187088 1.5499637089669704 7.285179989412427
221 10.46052360534668 1.6253668069839478 1.5500283302390017 7.285126224160194
222 10.460522651672363 1.6253819316625595 1.5499457300757058 7.285194015130401
223 10.460519790649414 1.6253980994224548 1.549856143828947 7.2852664813399315
224 10.460519790649414 1.625405192375183 1.5498179258429445 7.285298272967339
225 10.460522651672363 1.6254018545150757 1.5498366238898598 7.2852833122015
226 10.460522651672363 1.6253890246152878 1.5499059710418805 7.285225806757808
227 10.46052074432373 1.6253730654716492 1.5499948381329887 7.285154275596142
228 10.46052360534668 1.6253668069839478 1.5500291521311738 7.285126224160194
229 10.460524559020996 1.625387355685234 1.5499168611131608 7.285218326374888
230 10.460518836975098 1.6254009157419205 1.5498405278776772 7.285279104486108
231 10.46052360534668 1.6254040449857712 1.5498241927707568 7.2852931302040815
232 10.460524559020996 1.625396952033043 1.549863951804582 7.2852613385766745
233 10.46052360534668 1.6253824532032013 1.5499426479800604 7.285196352750063
234 10.46052074432373 1.6253722310066223 1.5499987421208061 7.285150535404682
235 10.460524559020996 1.6253719180822372 1.5500002831686288 7.285149132832885
236 10.46052074432373 1.6253804713487625 1.5499527161591686 7.285187469795346
237 10.460522651672363 1.625394657254219 1.549876382923685 7.28525105305016
238 10.46052360534668 1.6253995597362518 1.5498490550089628 7.285273026674986
239 10.460522651672363 1.6253955960273743 1.5498709378880449 7.2852552607655525
240 10.460519790649414 1.6253842264413834 1.5499332989566028 7.285204300656915
241 10.46052074432373 1.625376507639885 1.5499753181939013 7.285169703885913
242 10.46052074432373 1.6253761947154999 1.5499769619782455 7.2851683013141155
243 10.46052074432373 1.62538443505764 1.5499324770644307 7.28520523570478
244 10.460522651672363 1.6253941357135773 1.5498779239715077 7.285248715430498
245 10.460519790649414 1.625397264957428 1.5498615888645872 7.285262741148472
246 10.460518836975098 1.6253918409347534 1.5498911769827828 7.285238429903984
247 10.460522651672363 1.6253810971975327 1.5499496340635233 7.285190274938941
248 10.460522651672363 1.6253776550292969 1.5499698731582612 7.28517484664917
249 10.46052074432373 1.6253807842731476 1.549951997003518 7.285188872367144
250 10.460522651672363 1.6253895461559296 1.5499028889462352 7.28522814437747
251 10.460519790649414 1.6253926753997803 1.5498865538393147 7.285242170095444
252 10.460522651672363 1.6253895461559296 1.5499044299940579 7.28522814437747
253 10.460522651672363 1.6253816187381744 1.5499480930157006 7.285192612558603
254 10.460524559020996 1.6253801584243774 1.5499550790991634 7.285186067223549
255 10.460522651672363 1.625385582447052 1.5499254909809679 7.285210378468037
256 10.460522651672363 1.625385582447052 1.5499246690887958 7.285210378468037
257 10.460522651672363 1.6253810971975327 1.5499504559556954 7.285190274938941
258 10.460516929626465 1.6253827661275864 1.5499402850400656 7.28519775532186
259 10.460524559020996 1.625387355685234 1.5499153200653382 7.285218326374888
260 10.460518836975098 1.625386729836464 1.5499200459453277 7.285215521231294
261 10.460522651672363 1.6253810971975327 1.549951175111346 7.285190274938941
262 10.460522651672363 1.6253819316625595 1.5499457300757058 7.285194015130401
263 10.460522651672363 1.625385895371437 1.5499239499331452 7.285211781039834
264 10.46052074432373 1.62538443505764 1.549930936016608 7.28520523570478
265 10.460522651672363 1.6253862082958221 1.549922306148801 7.285213183611631
266 10.460524559020996 1.6253827661275864 1.5499411069322377 7.28519775532186
267 10.460524559020996 1.6253827661275864 1.5499418260878883 7.28519775532186
268 10.460522651672363 1.625385582447052 1.5499262101366185 7.285210378468037
269 10.46052074432373 1.6253832876682281 1.549938743992243 7.285200092941523
270 10.460524559020996 1.6253839135169983 1.5499348400044255 7.285202898085117
271 10.460524559020996 1.625387355685234 1.5499153200653382 7.285218326374888
272 10.460522651672363 1.625385582447052 1.5499254909809679 7.285210378468037
273 10.46052360534668 1.6253791153430939 1.5499613460269757 7.285181391984224
274 10.46052074432373 1.6253799498081207 1.549956620146986 7.285185132175684
275 10.460524559020996 1.625387355685234 1.5499153200653382 7.285218326374888
276 10.460522651672363 1.6253890246152878 1.5499059710418805 7.285225806757808
277 10.460522651672363 1.625385582447052 1.5499262101366185 7.285210378468037
278 10.46052074432373 1.6253770291805267 1.549972236098256 7.285172041505575
279 10.46052074432373 1.625376507639885 1.5499745990382507 7.285169703885913
280 10.460518836975098 1.6253832876682281 1.5499372029444203 7.285200092941523
281 10.460518836975098 1.6253924667835236 1.5498872729949653 7.285241235047579
282 10.460522651672363 1.6253941357135773 1.5498779239715077 7.285248715430498
283 10.460522651672363 1.6253895461559296 1.5499044299940579 7.28522814437747
284 10.460519790649414 1.6253796368837357 1.5499581611948088 7.285183729603887
285 10.460522651672363 1.6253776550292969 1.5499691540026106 7.28517484664917
286 10.460516929626465 1.6253830790519714 1.5499394631478935 7.285199157893658
287 10.460522651672363 1.6253906935453415 1.549896622018423 7.285233287140727
288 10.460518836975098 1.6253918409347534 1.5498903550906107 7.285238429903984
289 10.460518836975098 1.625386729836464 1.5499200459453277 7.285215521231294
290 10.46052074432373 1.625376507639885 1.5499753181939013 7.285169703885913
291 10.460519790649414 1.6253748387098312 1.549984667217359 7.285162223502994
292 10.460524559020996 1.6253827661275864 1.5499411069322377 7.28519775532186
293 10.46052074432373 1.6253929883241653 1.5498849100549705 7.285243572667241
294 10.460522651672363 1.625395804643631 1.5498701159958728 7.285256195813417
295 10.460522651672363 1.6253893375396729 1.54990525188623 7.285227209329605
296 10.460516929626465 1.6253781765699387 1.5499667910626158 7.285177184268832
297 10.46052360534668 1.625375360250473 1.5499824070138857 7.285164561122656
298 10.460522651672363 1.6253821402788162 1.5499441890278831 7.285194950178266
299 10.460518836975098 1.6253915280103683 1.5498927180306055 7.285237027332187
300 10.460524559020996 1.6253936141729355 1.5498818279593252 7.285246377810836
301 10.460524559020996 1.6253887116909027 1.5499083339818753 7.28522440418601
302 10.460522651672363 1.6253788024187088 1.5499628870747983 7.285179989412427
303 10.46052074432373 1.6253770291805267 1.549972236098256 7.285172041505575
304 10.460516929626465 1.6253827661275864 1.5499402850400656 7.28519775532186
305 10.460516929626465 1.6253913193941116 1.5498935399227776 7.285236092284322
306 10.460518836975098 1.6253924667835236 1.5498872729949653 7.285241235047579
307 10.460518836975098 1.625386729836464 1.549918504897505 7.285215521231294
308 10.46052074432373 1.6253761947154999 1.5499769619782455 7.2851683013141155
309 10.46052074432373 1.625376507639885 1.5499761400860734 7.285169703885913
310 10.460519790649414 1.6253842264413834 1.5499332989566028 7.285204300656915
311 10.460522651672363 1.6253941357135773 1.5498787458636798 7.285248715430498
312 10.460518836975098 1.6253964304924011 1.5498670339002274 7.285259000957012
313 10.460522651672363 1.6253890246152878 1.5499067929340526 7.285225806757808
314 10.460524559020996 1.62537682056427 1.5499737771460786 7.28517110645771
315 10.46052074432373 1.6253736913204193 1.5499917560373433 7.285157080739737
316 10.46052074432373 1.6253804713487625 1.5499527161591686 7.285187469795346
317 10.460522651672363 1.6253944486379623 1.5498772048158571 7.2852501180022955
318 10.460522651672363 1.625397577881813 1.5498592259245925 7.285264143720269
319 10.460516929626465 1.6253913193941116 1.5498942590784281 7.285236092284322
320 10.460522651672363 1.6253788024187088 1.5499628870747983 7.285179989412427
321 10.460519790649414 1.6253748387098312 1.5499839480617084 7.285162223502994
322 10.460516929626465 1.6253816187381744 1.5499472711235285 7.285192612558603
323 10.460522651672363 1.6253944486379623 1.5498772048158571 7.2852501180022955
324 10.460524559020996 1.625396952033043 1.549863951804582 7.2852613385766745
325 10.460522651672363 1.6253895461559296 1.5499036081018858 7.28522814437747
326 10.46052074432373 1.6253770291805267 1.5499714142060839 7.285172041505575
327 10.46052074432373 1.6253736913204193 1.5499902149895206 7.285157080739737
328 10.460522651672363 1.6253810971975327 1.5499504559556954 7.285190274938941
329 10.460522651672363 1.625394657254219 1.549876382923685 7.28525105305016
330 10.460522651672363 1.625397577881813 1.5498607669724151 7.285264143720269
331 10.460522651672363 1.6253904849290848 1.5498989849584177 7.285232352092862
332 10.460522651672363 1.6253776550292969 1.5499691540026106 7.28517484664917
333 10.460522651672363 1.625373899936676 1.5499893930973485 7.2851580157876015
334 10.460522651672363 1.6253810971975327 1.549951175111346 7.285190274938941
335 10.460522651672363 1.6253941357135773 1.5498779239715077 7.285248715430498
336 10.460522651672363 1.6253992468118668 1.5498514179489575 7.2852716241031885
337 10.460518836975098 1.6253929883241653 1.54988419089932 7.285243572667241
338 10.46052074432373 1.6253804713487625 1.5499527161591686 7.285187469795346
339 10.46052074432373 1.6253770291805267 1.549973057990428 7.285172041505575
340 10.460516929626465 1.6253816187381744 1.5499472711235285 7.285192612558603
341 10.46052074432373 1.6253929883241653 1.5498849100549705 7.285243572667241
342 10.460522651672363 1.625395804643631 1.54986857494805 7.285256195813417
343 10.460522651672363 1.6253890246152878 1.5499067929340526 7.285225806757808
344 10.460524559020996 1.62537682056427 1.5499737771460786 7.28517110645771
345 10.46052074432373 1.6253736913204193 1.5499902149895206 7.285157080739737
346 10.460516929626465 1.6253816187381744 1.549946551967878 7.285192612558603
347 10.460516929626465 1.625396117568016 1.549867753055878 7.285257598385215
348 10.460522651672363 1.6253992468118668 1.5498498769011348 7.2852716241031885
349 10.460519790649414 1.6253918409347534 1.5498919988749549 7.285238429903984
350 10.460522651672363 1.6253776550292969 1.5499691540026106 7.28517484664917
351 10.46052074432373 1.6253730654716492 1.5499940162408166 7.285154275596142
352 10.46052074432373 1.6253799498081207 1.5499574420391582 7.285185132175684
353 10.460524559020996 1.6253936141729355 1.5498818279593252 7.285246377810836
354 10.460522651672363 1.625398725271225 1.5498537808889523 7.285269286483526
355 10.460518836975098 1.6253929883241653 1.54988419089932 7.285243572667241
356 10.46052074432373 1.6253807842731476 1.549951997003518 7.285188872367144
357 10.46052074432373 1.6253770291805267 1.549973057990428 7.285172041505575
358 10.460516929626465 1.6253816187381744 1.549946551967878 7.285192612558603
359 10.460524559020996 1.6253936141729355 1.5498826498514973 7.285246377810836
360 10.460518836975098 1.6253964304924011 1.5498654928524047 7.285259000957012
361 10.460522651672363 1.6253893375396729 1.54990525188623 7.285227209329605
362 10.46052074432373 1.625376507639885 1.5499745990382507 7.285169703885913
363 10.46052074432373 1.6253736913204193 1.5499917560373433 7.285157080739737
364 10.460516929626465 1.6253816187381744 1.549946551967878 7.285192612558603
365 10.460518836975098 1.6253964304924011 1.5498654928524047 7.285259000957012
366 10.460516929626465 1.6253997683525085 1.54984751396114 7.285273961722851
367 10.460522651672363 1.6253901720046997 1.5498998068505898 7.285230949521065
368 10.460519790649414 1.6253748387098312 1.549984667217359 7.285162223502994
369 10.46052074432373 1.6253717094659805 1.5500018242164515 7.28514819778502
370 10.460522651672363 1.6253810971975327 1.5499504559556954 7.285190274938941
371 10.460524559020996 1.625396952033043 1.54986312991241 7.2852613385766745
372 10.460518836975098 1.6254009157419205 1.5498405278776772 7.285279104486108
373 10.46052360534668 1.6253921538591385 1.54988963593496 7.285239832475781
374 10.46052074432373 1.625376507639885 1.5499753181939013 7.285169703885913
375 10.460519790649414 1.6253707706928253 1.550005728204269 7.285143990069628
376 10.460516929626465 1.6253781765699387 1.5499659691704437 7.285177184268832
377 10.460518836975098 1.6253929883241653 1.54988419089932 7.285243572667241
378 10.460522651672363 1.6253989338874817 1.5498522398411296 7.285270221531391
379 10.460518836975098 1.6253929883241653 1.54988419089932 7.285243572667241
380 10.460524559020996 1.6253801584243774 1.5499550790991634 7.285186067223549
381 10.460524559020996 1.62537682056427 1.5499737771460786 7.28517110645771
382 10.460522651672363 1.6253821402788162 1.549943367135711 7.285194950178266
383 10.460522651672363 1.6253910064697266 1.5498959028627723 7.285234689712524
384 10.460516929626465 1.6253913193941116 1.5498935399227776 7.285236092284322
385 10.460519790649414 1.6253842264413834 1.5499332989566028 7.285204300656915
386 10.460522651672363 1.6253810971975327 1.5499504559556954 7.285190274938941
387 10.460522651672363 1.625385895371437 1.5499239499331452 7.285211781039834
388 10.460519790649414 1.6253842264413834 1.5499332989566028 7.285204300656915
389 10.460522651672363 1.6253862082958221 1.549922306148801 7.285213183611631
390 10.460522651672363 1.6253819316625595 1.5499457300757058 7.285194015130401
391 10.460516929626465 1.6253816187381744 1.549946551967878 7.285192612558603
392 10.460522651672363 1.6253895461559296 1.5499044299940579 7.28522814437747
393 10.460522651672363 1.6253895461559296 1.5499028889462352 7.28522814437747
394 10.460518836975098 1.6253832876682281 1.5499372029444203 7.285200092941523
395 10.460522651672363 1.6253813058137894 1.5499488121713512 7.285191209986806
396 10.460524559020996 1.625387355685234 1.5499161419575103 7.285218326374888
397 10.460522651672363 1.6253862082958221 1.5499215869931504 7.285213183611631
398 10.460524559020996 1.6253793239593506 1.5499605241348036 7.285182327032089
399 10.460522651672363 1.6253813058137894 1.5499488121713512 7.285191209986806
