0 122.99243927001953 0.21496227837633342 121.81061796471477 0.9668605491751805
1 11.544761657714844 4.075256075710058 7.469505265587941 0.0
2 10.336172103881836 1.4790462162345648 2.2076476199290482 6.649477799423039
3 4.107693195343018 2.763078100979328 1.3446149841729493 0.0
4 163.832275390625 0.9563711020164192 158.7140016388148 4.161896187346429
5 58.99810791015625 7.68230926245451 51.31580261699855 0.0
6 146.9978485107422 12.674781069159508 134.32307833060622 0.0
7 72.38150787353516 8.484217785298824 63.89729776978493 0.0
8 9.504090309143066 3.64762344583869 5.85646647377871 0.0
9 10.706364631652832 1.3563932469114661 3.2573934042011388 6.092579009011388
10 26.486976623535156 0.37570116063579917 24.42930628079921 1.6819657983724028
11 40.150943756103516 0.14428698632400483 39.36358689237386 0.6430655401782133
12 35.51728820800781 0.2057144973659888 34.39355191588402 0.9180207212921232
13 21.719196319580078 0.5246377573348582 18.846403770614415 2.3481524498201907
14 12.02220344543457 1.144363034516573 5.74965962942224 5.1281805681064725
15 10.944693565368652 1.9301572609692812 0.3632651208245079 8.651270983740687
16 3.2062106132507324 2.6537944227457047 0.5524149208358722 0.0
17 6.266116142272949 3.2598820626735687 3.0062335227266885 0.0
18 8.744871139526367 3.611048936843872 5.133821639581583 0.0
19 9.052767753601074 3.6507548689842224 5.402013041777536 0.0
20 7.290493011474609 3.413086086511612 3.8774076520930976 0.0
21 4.72829008102417 2.9965770542621613 1.7317137673380785 0.0
22 2.78633975982666 2.5223336815834045 0.2640058662655065 0.0
23 11.477843284606934 2.0756887793540955 0.09862096709184698 9.303533636033535
24 10.462404251098633 1.643624171614647 1.4518202291219495 7.366958340629935
25 11.14500904083252 1.2970816940069199 4.034221152542159 5.813705449923873
26 12.635247230529785 1.0659941285848618 6.791315976297483 4.7779379691928625
27 13.770817756652832 0.9521802961826324 8.550828902516514 4.267808113247156
28 13.841426849365234 0.9459977447986603 8.655331670306623 4.240097034722567
29 12.934057235717773 1.032967671751976 7.271183063276112 4.629908671602607
30 11.733515739440918 1.1868404150009155 5.227086273953319 5.319588288664818
31 10.8272123336792 1.3814636319875717 3.2538304256740957 6.191917350515723
32 10.462602615356445 1.6063461154699326 1.6563799444702454 7.199872767552733
33 10.6791410446167 1.8272989988327026 0.6616274107364006 8.190215155482292
34 11.20605754852295 2.0074862837791443 0.2007325744489208 8.99784030765295
35 11.658456802368164 2.1165694296360016 0.05512054525752319 9.486766550689936
36 11.763481140136719 2.139097273349762 0.036644377123593586 9.587739564478397
37 11.489004135131836 2.0783039927482605 0.09544730110064847 9.315255396068096
38 11.01916790008545 1.9538013935089111 0.30814874451607466 8.757216960191727
39 10.615675926208496 1.794700413942337 0.7768710250093136 8.044103641062975
40 10.460728645324707 1.6314576715230942 1.516845563892275 7.312426349148154
41 10.570291519165039 1.4894735515117645 2.4047868401976302 6.676033239811659
42 10.813295364379883 1.3859497159719467 3.2153223117347807 6.212024619802833
43 11.009084701538086 1.3297459930181503 3.7192268681246787 5.960111504420638
44 11.036663055419922 1.3227836340665817 3.7849716667551547 5.928905216977
45 10.892783164978027 1.361473187804222 3.4289906470803544 6.10231732390821
46 10.674103736877441 1.4374359995126724 2.7938759367680177 6.442793497815728
47 10.505392074584961 1.5378093123435974 2.0749002805678174 6.892681024968624
48 10.462933540344238 1.6460517346858978 1.4390440180432051 7.377839025110006
49 10.537825584411621 1.7440312802791595 0.9767987101804465 7.816997345536947
50 10.654661178588867 1.8153369426727295 0.70272278986522 8.136599510908127
51 10.726741790771484 1.8488749265670776 0.5909502317081206 8.286921545863152
52 10.709708213806152 1.841378927230835 0.6150071183219552 8.253323405981064
53 10.62130355834961 1.7978200614452362 0.7653958178707398 8.058086346834898
54 10.520427703857422 1.7296127676963806 1.0384463763330132 7.75237151235342
55 10.46434497833252 1.6514170318841934 1.4110415353206918 7.4018870536237955
56 10.473639488220215 1.5777349174022675 1.8242702214047313 7.071633290499449
57 10.525473594665527 1.5203142315149307 2.1908928954508156 6.814265573397279
58 10.574877738952637 1.4867279529571533 2.424421433242969 6.6637270748615265
59 10.586528778076172 1.4799946546554565 2.4729886854765937 6.633547469973564
60 10.555459022521973 1.4987978637218475 2.3388355411589146 6.717826139181852
61 10.50516414642334 1.5380281507968903 2.073474708595313 6.893661890178919
62 10.467901229858398 1.5895732641220093 1.7536363971885294 7.12469445168972
63 10.462388038635254 1.6435369700193405 1.452280386001803 7.366567490622401
64 10.48376178741455 1.689923733472824 1.2193576854770072 7.574479591101408
65 10.510608673095703 1.7205620557069778 1.0782444500364363 7.711804928258061
66 10.521772384643555 1.73078852891922 1.0333401657408103 7.757641442120075
67 10.510369300842285 1.720326006412506 1.0792931844480336 7.710746921598911
68 10.486058235168457 1.6930662244558334 1.2044249320751987 7.588564684614539
69 10.465758323669434 1.6558708846569061 1.388037903525401 7.421849858015776
70 10.460938453674316 1.6168135404586792 1.5973375737667084 7.246789261698723
71 10.470675468444824 1.5834306627511978 1.790080739883706 7.097162434831262
72 10.484314918518066 1.5613761693239212 1.924626132240519 6.99831104464829
73 10.490472793579102 1.5536534041166306 1.973123112693429 6.9636965077370405
74 10.485055923461914 1.5604004710912704 1.93071388755925 6.993937825784087
75 10.472887992858887 1.5791095942258835 1.8159830826334655 7.077794788405299
76 10.462848663330078 1.6052349209785461 1.6627204316318966 7.194892235100269
77 10.460859298706055 1.633090928196907 1.508019469329156 7.3197468388825655
78 10.466150283813477 1.6569920927286148 1.382282089907676 7.426875272765756
79 10.472916603088379 1.6724014282226562 1.3045751643949188 7.495942115783691
80 10.475361824035645 1.6768561154603958 1.2825961239286698 7.515908660367131
81 10.471885681152344 1.6703854650259018 1.314594749128446 7.4869062807410955
82 10.465574264526367 1.6553225368261337 1.3908590484061278 7.419392084702849
83 10.461112022399902 1.6356022506952286 1.4945072538102977 7.3310029450803995
84 10.461052894592285 1.6157486587762833 1.6032881758292206 7.24201630987227
85 10.464261054992676 1.5998673290014267 1.69355649035424 7.170833921059966
86 10.467384338378906 1.5908469706773758 1.7461360146990046 7.130403386428952
87 10.467763900756836 1.5899115353822708 1.7516422813059762 7.126210631802678
88 10.465302467346191 1.5965291559696198 1.7129041402949952 7.155871752649546
89 10.462124824523926 1.6086570620536804 1.6432354229618795 7.210230760276318
90 10.460551261901855 1.6232609301805496 1.561599030974321 7.275687383487821
91 10.461286544799805 1.6369961202144623 1.4870394387980923 7.337250467389822
92 10.46314811706543 1.6469534784555435 1.434315980586689 7.381880769506097
93 10.46430492401123 1.651274859905243 1.4117793890181929 7.401249818503857
94 10.463805198669434 1.6495025604963303 1.4209978343569674 7.39330611936748
95 10.462191581726074 1.6425799429416656 1.4573356392793357 7.3622779585421085
96 10.460810661315918 1.6325267255306244 1.511066840030253 7.317218001931906
97 10.460594177246094 1.62187060713768 1.5692656411556527 7.269455756992102
98 10.461389541625977 1.6130453050136566 1.6184466413687915 7.229899492114782
99 10.462285041809082 1.6078439801931381 1.647852196765598 7.2065864112228155
100 10.462435722351074 1.6070969253778458 1.652102098450996 7.203238004818559
101 10.461777687072754 1.6105639189481735 1.6324379172874615 7.2187775652855635
102 10.460914611816406 1.6170847415924072 1.5958250866970047 7.248004823923111
103 10.460524559020996 1.6249013841152191 1.5525811273255385 7.283040132373571
104 10.460777282714844 1.6321024000644684 1.5133586863521487 7.315316114574671
