0 9.984275817871094
1 893.1273803710938
2 14.107681274414062
3 34.68638610839844
4 64.01025390625
5 75.47602844238281
6 78.83685302734375
7 71.12482452392578
8 57.06818389892578
9 41.159278869628906
10 26.415090560913086
11 14.459779739379883
12 5.632722854614258
13 11.196036338806152
14 15.81637191772461
15 17.26796531677246
16 15.301660537719727
17 14.007369041442871
18 13.72026252746582
19 12.584145545959473
20 6.354467391967773
21 5.080492973327637
22 5.887009620666504
23 6.4172139167785645
24 4.864353656768799
25 4.55029821395874
26 5.343432903289795
27 10.833425521850586
28 10.830940246582031
29 10.468008041381836
30 10.237468719482422
31 10.216638565063477
32 10.050779342651367
33 9.885238647460938
34 9.884232521057129
35 9.953672409057617
36 9.958588600158691
37 9.892223358154297
38 9.834543228149414
39 9.808831214904785
40 9.757879257202148
41 9.662362098693848
42 9.576437950134277
43 9.514363288879395
44 9.421213150024414
45 9.27862548828125
46 9.105254173278809
47 8.890141487121582
48 8.63628101348877
49 8.34233283996582
50 7.976620674133301
51 7.528538227081299
52 7.116161823272705
53 6.78322696685791
54 6.6613287925720215
55 6.663458824157715
56 6.699482440948486
57 6.730162143707275
58 6.6684770584106445
59 6.554332733154297
60 6.461972713470459
61 6.353015899658203
62 6.2328715324401855
63 6.112870216369629
64 5.962705135345459
65 5.826297760009766
66 5.7371320724487305
67 5.6707940101623535
68 5.629764080047607
69 5.59072208404541
70 5.517498016357422
71 5.449529647827148
72 5.370174884796143
73 5.274812698364258
74 5.211688995361328
75 5.145744323730469
76 5.093778610229492
77 5.067659854888916
78 5.080600738525391
79 5.004312038421631
80 4.863127708435059
81 4.847590923309326
82 2.07647967338562
83 2.109375
84 2.141230821609497
85 1.930201530456543
86 1.980792760848999
87 1.8652030229568481
88 4.757587909698486
89 4.734467506408691
90 4.702946186065674
91 4.6574506759643555
92 4.579098224639893
93 4.493116855621338
94 4.4085540771484375
95 4.310408115386963
96 4.227130889892578
97 4.180164337158203
98 4.142428398132324
99 4.11378812789917
100 4.0972900390625
101 4.060908317565918
102 4.021024227142334
103 3.990233898162842
104 3.9471380710601807
105 3.9060192108154297
106 3.8735902309417725
107 3.8439781665802
108 3.8185245990753174
109 1.8989901542663574
110 2.073611259460449
111 2.4504754543304443
112 1.8684300184249878
113 1.6645612716674805
114 4.126496315002441
115 4.181634902954102
116 4.067065238952637
117 3.975489616394043
118 4.0204620361328125
119 1.816145420074463
120 2.1502702236175537
121 1.708648920059204
122 2.0108933448791504
123 1.7366514205932617
124 1.8522541522979736
125 1.674943447113037
126 1.631076455116272
127 1.6116669178009033
128 1.5312585830688477
129 4.090963363647461
130 4.300940036773682
131 4.027082920074463
132 4.118307113647461
133 3.877009868621826
134 3.9518942832946777
135 1.6345714330673218
136 1.9614617824554443
137 1.6817870140075684
138 1.898315191268921
139 1.6574362516403198
140 1.7670692205429077
141 1.5473363399505615
142 3.8672773838043213
143 4.057520866394043
144 3.8891282081604004
145 4.04734468460083
146 3.867921829223633
147 3.952692747116089
148 3.7866170406341553
149 1.4952363967895508
150 1.6190176010131836
151 1.5303231477737427
152 3.7134742736816406
153 3.7411906719207764
154 3.6781165599823
155 3.700498104095459
156 3.653749704360962
157 3.6695497035980225
158 3.622941017150879
159 3.6308343410491943
160 3.5973801612854004
161 3.6040046215057373
162 3.5805468559265137
163 3.5819685459136963
164 3.5677714347839355
165 3.5609185695648193
166 3.556372880935669
167 3.546480417251587
168 3.548741102218628
169 3.5331180095672607
170 3.5368990898132324
171 3.5254523754119873
172 3.5280044078826904
173 3.519287347793579
174 3.5161709785461426
175 3.5148770809173584
176 3.508030414581299
177 3.507878303527832
178 3.49849534034729
179 3.495856285095215
180 3.4876816272735596
181 3.481046438217163
182 3.4773573875427246
183 3.4704983234405518
184 3.469411849975586
185 3.464642286300659
186 3.4618079662323
187 3.4580843448638916
188 3.4530258178710938
189 3.4509658813476562
190 3.4460959434509277
191 3.4430603981018066
192 3.440062999725342
193 3.4360721111297607
194 3.4334824085235596
195 3.429347276687622
196 3.4260945320129395
197 3.422816038131714
198 3.419102430343628
199 3.416543483734131
200 3.4132485389709473
201 3.410519599914551
202 3.407860517501831
203 3.40447998046875
204 3.401764392852783
205 3.3987181186676025
206 3.3957815170288086
207 3.393115997314453
208 3.390193462371826
209 3.3875937461853027
210 3.384958028793335
211 3.382138252258301
212 3.379490852355957
213 3.3765387535095215
214 3.373558759689331
215 3.3707168102264404
216 3.367945909500122
217 3.365323305130005
218 3.3628551959991455
219 3.3603808879852295
220 3.3580479621887207
221 3.3558475971221924
222 3.3536322116851807
223 3.3516268730163574
224 3.34969425201416
225 3.347670078277588
226 3.345555305480957
227 3.343315362930298
228 3.3411471843719482
229 3.3391683101654053
230 3.337284564971924
231 3.3355214595794678
232 3.333956003189087
233 3.332393169403076
234 3.330749750137329
235 3.329033851623535
236 3.327327251434326
237 3.3256001472473145
238 3.323838472366333
239 3.3221256732940674
240 3.3205411434173584
241 3.3190457820892334
242 3.3176848888397217
243 3.3162848949432373
244 3.314859628677368
245 3.3133933544158936
246 3.311929702758789
247 3.3104615211486816
248 3.3089702129364014
249 3.3075015544891357
250 3.3060598373413086
251 3.3045825958251953
252 3.3032033443450928
253 3.301732063293457
254 3.3002638816833496
255 3.2989039421081543
256 3.297595500946045
257 3.2963314056396484
258 3.2950286865234375
259 3.2937774658203125
260 3.29259991645813
261 3.2914018630981445
262 3.290231943130493
263 3.2891623973846436
264 3.288069725036621
265 3.28702449798584
266 3.2859673500061035
267 3.284961462020874
268 3.2840042114257812
269 3.283121109008789
270 3.282248020172119
271 3.2813682556152344
272 3.2805116176605225
273 3.2796430587768555
274 3.2788102626800537
275 3.277989387512207
276 3.2771639823913574
277 3.2762715816497803
278 3.2753939628601074
279 3.274477958679199
280 3.273563861846924
281 3.2726566791534424
282 3.2716875076293945
283 3.270629405975342
284 3.2695345878601074
285 3.2684884071350098
286 3.2675087451934814
287 3.266648292541504
288 3.2657861709594727
289 3.264864921569824
290 3.263958692550659
291 3.263110399246216
292 3.2622084617614746
293 3.2613425254821777
294 3.2606358528137207
295 3.2601478099823
296 3.2601964473724365
297 3.261354446411133
298 3.265132427215576
299 3.2734031677246094
300 3.2941155433654785
301 3.3331658840179443
302 3.428224802017212
303 3.541081666946411
304 3.7527365684509277
305 1.8315074443817139
306 3.371833324432373
307 4.377689838409424
308 2.011117696762085
309 3.4583427906036377
310 4.808238506317139
311 1.585145115852356
312 2.674248218536377
313 4.550176620483398
314 3.8089330196380615
315 2.530076026916504
316 3.4827141761779785
317 4.836945533752441
318 3.449983596801758
319 2.337616443634033
320 1.430760145187378
321 3.7558183670043945
322 3.515383005142212
323 1.4387708902359009
324 1.4726837873458862
325 3.542605400085449
326 3.810499668121338
327 3.5099141597747803
328 1.4274057149887085
329 1.4174914360046387
330 3.4374263286590576
331 3.557678461074829
332 3.3991358280181885
333 1.4393250942230225
334 1.450334906578064
335 3.375760078430176
336 3.534743070602417
337 3.352710247039795
338 1.4232779741287231
339 1.4347610473632812
340 3.331148386001587
341 3.47377872467041
342 3.313164710998535
343 3.371814727783203
344 3.3550257682800293
345 3.2926998138427734
346 1.6110478639602661
347 1.6066960096359253
348 3.275183916091919
349 3.456394672393799
350 3.390502691268921
351 3.3360226154327393
352 3.3884410858154297
353 3.2573325634002686
354 1.594387412071228
355 1.597428321838379
356 3.2656948566436768
357 3.4006242752075195
358 3.3010106086730957
359 3.3361713886260986
360 3.360703706741333
361 3.2549521923065186
362 1.5152640342712402
363 1.5333284139633179
364 3.259105920791626
365 3.4297478199005127
366 3.314645290374756
367 3.3090240955352783
368 3.363053560256958
369 3.246644973754883
370 1.5360933542251587
371 1.5195152759552002
372 3.2578186988830566
373 3.418304443359375
374 3.314223289489746
375 3.321763038635254
376 3.3459832668304443
377 3.238436460494995
378 1.5408746004104614
379 1.5442533493041992
380 3.242731809616089
381 3.401160717010498
382 3.3058578968048096
383 3.3036081790924072
384 3.3478832244873047
385 3.23063063621521
386 1.5207144021987915
387 1.5227506160736084
388 3.2395637035369873
389 3.3977739810943604
390 3.29237961769104
391 3.289961338043213
392 3.3372044563293457
393 3.221743583679199
394 1.5340313911437988
395 1.5244462490081787
396 3.2340664863586426
397 3.3939759731292725
398 3.295480489730835
399 3.282351016998291
400 3.3302462100982666
401 3.2165188789367676
402 1.5462017059326172
403 1.5372687578201294
404 3.228484630584717
405 3.3923795223236084
406 3.2911007404327393
407 3.2799904346466064
408 3.331757068634033
409 3.212893009185791
410 1.5425671339035034
411 1.5349693298339844
412 3.2249510288238525
413 3.3885703086853027
414 3.2856082916259766
415 3.2708911895751953
416 3.327446460723877
417 3.2115490436553955
418 1.5453013181686401
419 1.5338256359100342
420 1.4518022537231445
421 1.373969554901123
422 1.3689218759536743
423 3.6075854301452637
424 3.7591333389282227
425 3.3906588554382324
426 1.3842136859893799
427 1.4734963178634644
428 1.5008333921432495
429 1.4187655448913574
430 1.3100224733352661
431 3.4753365516662598
432 3.6965994834899902
433 3.5081896781921387
434 1.2468277215957642
435 1.2766822576522827
436 3.3842546939849854
437 3.527756452560425
438 1.365311861038208
439 1.8313772678375244
440 3.42325758934021
441 3.712528705596924
442 1.4289517402648926
443 1.4812830686569214
444 3.6323680877685547
445 3.5234920978546143
446 1.428290843963623
447 1.3165477514266968
448 3.418212652206421
449 3.3840742111206055
450 1.3501771688461304
451 1.4335331916809082
452 3.335782051086426
453 3.4637579917907715
454 1.3171321153640747
455 1.4887324571609497
456 3.434705972671509
457 3.5292508602142334
458 1.369584321975708
459 1.4178180694580078
460 3.433032274246216
461 3.4224326610565186
462 1.3822458982467651
463 1.394391655921936
464 3.367213726043701
465 3.408987045288086
466 1.3245538473129272
467 1.4105815887451172
468 3.3860583305358887
469 3.4801156520843506
470 1.3281772136688232
471 1.4488236904144287
472 3.4073643684387207
473 3.4599437713623047
474 1.3704756498336792
475 1.4111709594726562
476 3.398014783859253
477 3.4267313480377197
478 1.3396999835968018
479 1.3910605907440186
480 3.3894870281219482
481 3.4521119594573975
482 1.3251365423202515
483 1.4288877248764038
484 3.3921756744384766
485 3.463853359222412
486 1.3462765216827393
487 1.4239871501922607
488 3.4036731719970703
489 3.4494223594665527
490 1.3457403182983398
491 1.4012439250946045
492 3.3963422775268555
493 3.443521022796631
494 1.3369265794754028
495 1.4167118072509766
496 3.3858699798583984
497 3.4501614570617676
498 1.340277075767517
499 1.4244637489318848
500 3.3943121433258057
501 3.4533348083496094
502 1.3440759181976318
503 1.4157795906066895
504 3.3956286907196045
505 3.446131706237793
506 1.3441208600997925
507 1.4163377285003662
508 3.3883330821990967
509 3.4454727172851562
510 1.3412619829177856
511 1.4214580059051514
512 3.389742374420166
513 3.451852560043335
514 1.3420549631118774
515 1.422623634338379
516 3.394300937652588
517 3.4522957801818848
518 1.3439652919769287
519 1.4198782444000244
520 3.3930485248565674
521 3.449460506439209
522 1.3424452543258667
523 1.4190642833709717
524 3.3922903537750244
525 3.4511613845825195
526 1.3417459726333618
527 1.4220224618911743
528 3.3919730186462402
529 3.4511172771453857
530 1.3431477546691895
531 1.4218250513076782
532 3.3916256427764893
533 3.4505367279052734
534 1.3424839973449707
535 1.421844720840454
536 3.3912506103515625
537 3.4511759281158447
538 1.3427741527557373
539 1.4234358072280884
540 3.3913278579711914
541 3.451449155807495
542 1.3426355123519897
543 1.4221928119659424
544 3.3921613693237305
545 3.4518356323242188
546 1.3422765731811523
547 1.422642469406128
548 3.3917300701141357
549 3.4519360065460205
550 1.3426156044006348
551 1.4235122203826904
552 3.3915281295776367
553 3.452519655227661
554 1.3423172235488892
555 1.4236388206481934
556 3.3919124603271484
557 3.4524571895599365
558 1.3429869413375854
559 1.4238256216049194
560 3.391918420791626
561 3.4528865814208984
562 1.3427073955535889
563 1.4248422384262085
564 3.391235589981079
565 3.4532620906829834
566 1.342217206954956
567 1.4247806072235107
568 3.3924660682678223
569 3.4546444416046143
570 1.3425102233886719
571 1.4257502555847168
572 3.3921937942504883
573 3.4542791843414307
574 1.3427469730377197
575 1.424994707107544
576 3.3927836418151855
577 3.454913377761841
578 1.3421134948730469
579 1.4255506992340088
580 3.3923983573913574
581 3.454998254776001
582 1.34230375289917
583 1.4259212017059326
584 3.3931312561035156
585 3.4563148021698
586 1.3418290615081787
587 1.425549864768982
588 3.3936667442321777
589 3.4561665058135986
590 1.3419315814971924
591 1.4248045682907104
592 3.3939785957336426
593 3.4570586681365967
594 1.3409672975540161
595 1.4256901741027832
596 3.393756151199341
597 3.4574356079101562
598 1.3406767845153809
599 1.4248902797698975
600 3.395763874053955
601 3.459068536758423
602 1.3401087522506714
603 1.4247344732284546
604 3.3950202465057373
605 3.458465814590454
606 1.3397631645202637
607 1.4238696098327637
608 3.39633846282959
609 3.4595329761505127
610 1.3398430347442627
611 1.4246876239776611
612 3.39518404006958
613 3.4574227333068848
614 1.3400248289108276
615 1.4225223064422607
616 3.3959903717041016
617 3.4588582515716553
618 1.3381640911102295
619 1.4237414598464966
620 3.394679546356201
621 3.4587786197662354
622 1.337619662284851
623 1.4215866327285767
624 3.397200584411621
625 3.460904359817505
626 1.3374392986297607
627 1.423306941986084
628 3.3953001499176025
629 3.457587480545044
630 1.3397718667984009
631 1.4217575788497925
632 3.394681930541992
633 3.457197427749634
634 1.3363206386566162
635 1.4203217029571533
636 3.395211696624756
637 3.459723472595215
638 1.3367589712142944
639 1.4241468906402588
640 3.394157648086548
641 3.457937002182007
642 1.3382086753845215
643 1.42069411277771
644 3.3964014053344727
645 3.459038496017456
646 1.3365874290466309
647 1.4220890998840332
648 3.393261194229126
649 3.4581432342529297
650 1.336393117904663
651 1.421791434288025
652 3.3963160514831543
653 3.461505889892578
654 1.3362358808517456
655 1.4232146739959717
656 3.394822597503662
657 3.4584124088287354
658 1.3384592533111572
659 1.4224321842193604
660 3.39451265335083
661 3.458986282348633
662 1.3353391885757446
663 1.4217607975006104
664 3.395550012588501
665 3.4618289470672607
666 1.3364760875701904
667 1.4249846935272217
668 3.395261764526367
669 3.460050106048584
670 1.3373682498931885
671 1.4212472438812256
672 3.3970515727996826
673 3.461848258972168
674 1.3344870805740356
675 1.422178864479065
676 3.396143674850464
677 3.46238374710083
678 1.335835576057434
679 1.423379898071289
680 3.3973042964935303
681 3.4628872871398926
682 1.3356469869613647
683 1.4223493337631226
684 3.396965265274048
685 3.4621262550354004
686 1.3352947235107422
687 1.4222533702850342
688 3.396867036819458
689 3.462930917739868
690 1.3353791236877441
691 1.423734426498413
692 3.3965277671813965
693 3.4625957012176514
694 1.3359439373016357
695 1.42365300655365
696 3.3970232009887695
697 3.4631052017211914
698 1.335493803024292
699 1.4235583543777466
700 3.39642071723938
701 3.4626803398132324
702 1.3358638286590576
703 1.4243085384368896
704 3.3968725204467773
